,id,scrape_id,host_id,host_listings_count,host_total_listings_count,neighbourhood_group_cleansed,latitude,longitude,accommodates,bathrooms,bedrooms,beds,minimum_nights,maximum_nights,minimum_minimum_nights,maximum_minimum_nights,minimum_maximum_nights,maximum_maximum_nights,minimum_nights_avg_ntm,maximum_nights_avg_ntm,calendar_updated,availability_30,availability_60,availability_90,availability_365,number_of_reviews,number_of_reviews_ltm,number_of_reviews_l30d,availability_eoy,number_of_reviews_ly,estimated_occupancy_l365d,estimated_revenue_l365d,review_scores_rating,review_scores_accuracy,review_scores_cleanliness,review_scores_checkin,review_scores_communication,review_scores_location,review_scores_value,calculated_host_listings_count,calculated_host_listings_count_entire_homes,calculated_host_listings_count_private_rooms,calculated_host_listings_count_shared_rooms,reviews_per_month,price_clean
id,1.0,,0.4327098392485136,0.10139595893515131,0.12167709302544029,,-0.05321618931161402,0.06926519818195331,0.04682812351648564,0.017820358409011475,0.11783604725196468,0.020730072156006456,-0.03296055632549683,-0.18537711653254899,-0.05523602118447412,-0.009457297499053599,-0.3133568562205876,-0.28233329654165384,-0.04880201994186678,-0.2933022076942993,,0.08294835618331803,0.08341201379506977,0.08396561936451113,0.060365106587384865,-0.48383229309550674,-0.1560519990428138,-0.027985296632856746,0.07581215113461091,-0.2608024903308491,-0.2166486659580636,-0.0753523478600207,-0.059222263249983656,-0.09306093945542818,0.0022512719994825904,-0.11511138270884716,-0.08942403016355896,-0.1323959007417684,-0.08313737516211886,0.11157022489385511,0.06849567496362872,0.14431909433683293,-0.06366514126376767,0.11141322522920073,0.05090911446271159
scrape_id,,,,,,,,,,,,,,,,,,,,,,,,,,,,,,,,,,,,,,,,,,,,,
host_id,0.4327098392485136,,1.0,0.049510633514946376,0.06605673810543711,,-0.07408575413799844,0.03742912532595043,0.017406817370280454,-0.0605800893577974,0.08172486810085879,0.00978050943850653,-0.09319604517872983,-0.09708437228369178,-0.08767577885312121,-0.09067082561445682,-0.2135009021027454,-0.15804441676339126,-0.09194153906284526,-0.18276181997003388,,0.12052378182761372,0.1242541161333065,0.12133905331552408,0.03740126869765728,-0.22171354907524204,-0.06458230051493166,-0.02752684967209794,0.08850853906437307,-0.11233054641768647,-0.13612639948607103,-0.024559816599179694,-0.12967686148782745,-0.12579129558172605,-0.08067381335236169,-0.14233052553469905,-0.15778268576724527,-0.1477928028965931,-0.12802415481161816,-0.08286420700847227,-0.16435656902901685,0.23978280878143055,-0.011262593332234942,0.08589486924019223,0.11559683747224296
host_listings_count,0.10139595893515131,,0.049510633514946376,1.0,0.9502666902005928,,-0.07753045594885329,-0.09887044944743766,-0.1247498562124065,-0.06125119282341796,-0.08888346883664415,-0.08803200595514016,0.08978589035270497,0.2930986016842313,0.10151338070770959,0.6790523028309988,0.1006100071827811,0.1388068681001812,0.13201234054176583,0.11097491699429218,,-0.03442631629216613,-0.04864284310547479,-0.04448542622356731,0.1099325970891305,-0.16161862975363897,-0.18414543906291256,-0.18170869153660527,0.010379365629739176,-0.1680174378760234,-0.23646905143873415,-0.047093486729131495,-0.09703124663179584,-0.10681390906267671,-0.037389030248681,-0.10000641264621073,-0.173929014756219,0.008069750999395485,-0.20959952904126228,0.5668794063388971,0.5592266874869458,0.044233484120645046,-0.022445674936938977,-0.14797337678109704,0.25314709952328024
host_total_listings_count,0.12167709302544029,,0.06605673810543711,0.9502666902005928,1.0,,-0.08088140948716353,-0.10595907590637356,-0.09264305842594447,-0.042176455532553274,-0.06818651584963768,-0.04876175470124523,0.06886687907152,0.28649944467853433,0.07851665276228165,0.5791672831858192,0.04549518278060492,0.13570289390848078,0.1035073461050819,0.08522512297383061,,0.016143756125742016,0.001409384558582316,0.0046719954209171475,0.1304632330460846,-0.17537929054610993,-0.1961426107481368,-0.1950201673432965,0.05313615563061861,-0.17809893134219235,-0.2535049038700221,-0.017939723862366974,-0.10590160847071504,-0.11758122843924514,-0.040374646304979195,-0.12095958952081493,-0.18752830076505264,0.013152004619362374,-0.20290005121602822,0.5261147642413196,0.5010090928523183,0.07525352469608922,-0.0246920835121696,-0.16818425234630294,0.3844806270971548
neighbourhood_group_cleansed,,,,,,,,,,,,,,,,,,,,,,,,,,,,,,,,,,,,,,,,,,,,,
latitude,-0.05321618931161402,,-0.07408575413799844,-0.07753045594885329,-0.08088140948716353,,1.0,-0.4467372633527232,-0.02180513633832923,-0.03564331915439035,0.005181571101282902,-0.018964896079412694,-0.0023081740877257443,-0.009214630359427545,-0.01304285186575864,-0.06289578041277558,-0.022643972283410592,-0.03252191151057488,-0.015830112496726348,-0.031777362193714624,,-0.03030636954600922,-0.029538669197753054,-0.03420495732815038,-0.027343096279200382,0.01031536168925396,-0.00718523300404295,-0.01486442338179355,-0.03560523124907364,0.006701118633195041,0.015318349419266235,-0.030943584105030588,0.050883385041944285,0.05397711623469247,0.02128228382128157,0.050699533461550934,0.05546450193248299,0.1620561431850537,0.06037427143449009,-0.07058542403190349,-0.08681811180382949,0.0430090820707984,-0.04795266325887391,-0.037141897389521616,0.03400784748597222
longitude,0.06926519818195331,,0.03742912532595043,-0.09887044944743766,-0.10595907590637356,,-0.4467372633527232,1.0,0.10651924155332067,0.08036053906883861,0.10381033412141204,0.10705944310721673,-0.07633525670163445,-0.07322606401259696,-0.05913613832385682,-0.06370071305963851,0.020448884738051502,-0.034963981865497096,-0.060389022152538316,-0.010576599706808984,,0.018125740550664213,0.03323701716597739,0.04661108608229423,0.009669733095847453,-0.03395407304651796,0.012094781638347768,0.04870649740842487,0.04356723827797528,0.00792427471684157,0.011264365299145384,-0.04681865057947134,-0.027683694881625157,-0.02675066822491106,-0.029544808815736838,0.000731056349302998,0.004575598402346417,-0.317679611898181,-0.009752691739515535,-0.11963059131159805,-0.10557800373604595,-0.03898559228311779,0.010222189874927309,0.01623925480900915,-0.07397402924637331
accommodates,0.04682812351648564,,0.017406817370280454,-0.1247498562124065,-0.09264305842594447,,-0.02180513633832923,0.10651924155332067,1.0,0.6458796007472585,0.7409323889333789,0.8184504881319941,-0.13858669708256632,-0.015594637415476023,-0.16040653442442607,-0.15544735686505418,0.062157997051177055,0.08799581689624755,-0.15766097173266969,0.07555506311157904,,0.06825726376183125,0.09403057967963908,0.08689895501754745,0.03109888512123141,0.012088540284257222,0.09287528490960571,0.10171478092046693,0.06755885850665165,0.07770623224316071,0.06865442158271608,0.2252804235456567,0.05878789285460556,0.0473208878182336,0.06313902894479242,0.03551468504955064,0.037379758808112985,-0.020434264259554368,0.05583728830432976,-0.12516240008520843,-0.07516419859114702,-0.19832025931710587,-0.0076759017113944466,0.06546086945806334,0.13092781889716268
bathrooms,0.017820358409011475,,-0.0605800893577974,-0.06125119282341796,-0.042176455532553274,,-0.03564331915439035,0.08036053906883861,0.6458796007472585,1.0,0.5725645108779784,0.5891498874574382,-0.05015879601075161,-0.006450193933355999,-0.06491918848660712,-0.056625428004218104,0.02048346066088203,0.037618704770259075,-0.06017468670304443,0.029163658575444208,,0.05145407602919691,0.05839052169303545,0.04281239197446604,0.029042426897255554,-0.08329487120086311,-0.03333644318456635,-0.016228107651330745,0.026267339734399243,-0.038798785417544474,-0.025484622143438326,0.14739610977886494,0.0026338605689443704,-0.0076408538081252355,-0.030352130986246104,0.0037263168745600007,-0.002230844684439634,-0.05063926779552626,0.00046827223160122024,-0.12348722079999122,-0.037991697899908534,-0.2746804562940827,-0.0338595769587902,-0.08269189044047282,0.08612603051579898
bedrooms,0.11783604725196468,,0.08172486810085879,-0.08888346883664415,-0.06818651584963768,,0.005181571101282902,0.10381033412141204,0.7409323889333789,0.5725645108779784,1.0,0.667241319979972,-0.02715236764115052,-0.042478445881654316,-0.044693378665825866,-0.08641902265834263,0.0011634611085403832,-0.0059179185977565945,-0.04295620060002613,-0.004456598325129285,,1.3124762880526339e-05,0.0158392769750802,0.014790267694450764,-0.024976837279855637,-0.12731462304882904,-0.04990610985772733,-0.025337959819787325,0.013462864564020025,-0.05994455380395237,-0.0709701087006988,0.12708986658171584,0.042840739285442006,0.021183800793251818,0.03736172911134531,0.03503658997603607,0.03556993574663285,-0.06428556513320258,0.038238149701849876,-0.048227660245667214,-0.08672104523969681,0.12937424548620424,-0.03205602361447337,-0.049746358642549025,0.049975086102852506
beds,0.020730072156006456,,0.00978050943850653,-0.08803200595514016,-0.04876175470124523,,-0.018964896079412694,0.10705944310721673,0.8184504881319941,0.5891498874574382,0.667241319979972,1.0,-0.10880745377802595,-0.03388067315041458,-0.11732738859310463,-0.1267751888432472,0.049479474096110934,0.0651978643538068,-0.11616219787803411,0.05429494871465754,,0.06081221528135244,0.08325688486241438,0.08190160618204792,0.01904530178850746,-0.012933305892410693,0.05914727442476467,0.059015953448630275,0.06293558295999509,0.04609916419577776,0.03746978482298522,0.1988844134195108,0.038804272427690426,0.01997840031003649,0.03169942016587286,0.03507014509070831,0.035841320527758645,-0.009494803578282293,0.04373648817677087,-0.11029771422713106,-0.07391650021828565,-0.13580827545918248,0.1360022776320296,0.040512518003818714,0.10279905972797414
minimum_nights,-0.03296055632549683,,-0.09319604517872983,0.08978589035270497,0.06886687907152,,-0.0023081740877257443,-0.07633525670163445,-0.13858669708256632,-0.05015879601075161,-0.02715236764115052,-0.10880745377802595,1.0,0.12770767581765927,0.8310051406761181,0.4924458709988048,0.07609625852921106,0.03883518916455448,0.8596019666419811,0.051148318975172635,,-0.1396374506833175,-0.15763607448911124,-0.13774001763533747,0.03567559908658078,-0.16218612371295862,-0.25768551654377375,-0.25304271701950387,-0.05268291092638571,-0.23472268659676138,-0.16640168081670187,-0.1334925947234968,-0.027473049929662118,-0.015501049305667598,-0.061841335079282515,-0.033182748410295726,-0.004933530384154281,0.002624577184603956,-0.057513680506105176,0.2343446672832548,0.2142641358940975,0.09914261525963972,0.0016075694371110339,-0.25830989003829463,-0.03889881192589144
maximum_nights,-0.18537711653254899,,-0.09708437228369178,0.2930986016842313,0.28649944467853433,,-0.009214630359427545,-0.07322606401259696,-0.015594637415476023,-0.006450193933355999,-0.042478445881654316,-0.03388067315041458,0.12770767581765927,1.0,0.15646171939013506,0.29961922188877926,0.4464228002928104,0.5301895654723163,0.1624725742970008,0.49588585834082033,,-0.04241880731529636,-0.051763328707217615,-0.0381354982777204,0.15486553421296526,-0.01462123780018108,-0.15439918765647567,-0.15495589121502865,0.05193912503712754,-0.12682682158583594,-0.14804907243354282,-0.053692181302792484,-0.059029266210506935,-0.049224864617110974,-0.06548238225006565,-0.02109944936186503,-0.061863461581605904,-0.015088489279143443,-0.06633051116012202,0.15163890000135274,0.1578544228503145,-0.03432223655866976,0.02122821670930522,-0.1587776562169734,0.12455475612152356
minimum_minimum_nights,-0.05523602118447412,,-0.08767577885312121,0.10151338070770959,0.07851665276228165,,-0.01304285186575864,-0.05913613832385682,-0.16040653442442607,-0.06491918848660712,-0.044693378665825866,-0.11732738859310463,0.8310051406761181,0.15646171939013506,1.0,0.5242231082724629,0.07134779235706293,0.029048831657350525,0.9732379775618202,0.04339754567024007,,-0.13877403535194452,-0.15371882533665612,-0.1262508136464792,0.06450571925575553,-0.1753990097408252,-0.28821470613569244,-0.28355346776147544,-0.028686603264727537,-0.26139162950173367,-0.21723945435979122,-0.1735015183907479,-0.017311282856638507,-0.013513949530192124,-0.05955504952437716,0.00787954932418009,-0.0008210673938207144,0.0033520077488130395,-0.04030128703090985,0.16374568497821285,0.13537936890007615,0.12158066704074033,0.006003701748317535,-0.26573916982126233,-0.039422969988783044
maximum_minimum_nights,-0.009457297499053599,,-0.09067082561445682,0.6790523028309988,0.5791672831858192,,-0.06289578041277558,-0.06370071305963851,-0.15544735686505418,-0.056625428004218104,-0.08641902265834263,-0.1267751888432472,0.4924458709988048,0.29961922188877926,0.5242231082724629,1.0,0.17290084128171454,0.14473019730098285,0.5877324296788154,0.15644767631641063,,-0.18315748385874797,-0.19655592456950946,-0.1791854906654718,0.04163804800482137,-0.1637575817186009,-0.22286895087760628,-0.2163111532612308,-0.08707848809682465,-0.2044496487963029,-0.21831338411006132,-0.13312163453322573,-0.08235024277277221,-0.07358761612298946,-0.065096086596448,-0.07215526569397764,-0.12457319122990428,-0.006066679798819771,-0.1621656541980931,0.4713632239087135,0.48357318244049335,0.01471012174976111,-0.011723200619702598,-0.22646362927334804,-0.02395553367558494
minimum_maximum_nights,-0.3133568562205876,,-0.2135009021027454,0.1006100071827811,0.04549518278060492,,-0.022643972283410592,0.020448884738051502,0.062157997051177055,0.02048346066088203,0.0011634611085403832,0.049479474096110934,0.07609625852921106,0.4464228002928104,0.07134779235706293,0.17290084128171454,1.0,0.8833529505647668,0.07546462402012663,0.9376294114573418,,-0.11879638646574021,-0.11456621697206751,-0.10839251719964893,0.05982189870797927,0.18408463981153703,0.07438841741866245,0.020164850638562958,-0.02357738331547297,0.11618293384890348,0.10162341334897061,0.03837372848005208,0.017671086211434487,0.026767860295821115,0.00358251422360835,0.04826460140881275,0.04060452988141244,0.018356988877281297,0.004041384237441991,0.1742957868087571,0.21067706476815037,-0.08291548977097074,-0.010334701158412929,0.005111925418268488,-0.09827390659187774
maximum_maximum_nights,-0.28233329654165384,,-0.15804441676339126,0.1388068681001812,0.13570289390848078,,-0.03252191151057488,-0.034963981865497096,0.08799581689624755,0.037618704770259075,-0.0059179185977565945,0.0651978643538068,0.03883518916455448,0.5301895654723163,0.029048831657350525,0.14473019730098285,0.8833529505647668,1.0,0.03327705000342067,0.9748973573305602,,-0.005566997495889694,-0.011595612657567565,-0.01661744642819872,0.12521001009708016,0.15376086708166617,0.04187572700047222,-0.015998869263029285,0.04668207174196308,0.0875022496345376,0.05151190960753324,0.07589964886804132,-0.023778340180020143,-0.01375589024651808,-0.012729940593947863,-0.017803739069671247,-0.042915811732729396,0.03853275207896308,-0.03794877020153141,0.17067625800489908,0.20149300872183992,-0.1024932535324473,-0.008666275353819246,-0.039141451741222605,0.07207922597939083
minimum_nights_avg_ntm,-0.04880201994186678,,-0.09194153906284526,0.13201234054176583,0.1035073461050819,,-0.015830112496726348,-0.060389022152538316,-0.15766097173266969,-0.06017468670304443,-0.04295620060002613,-0.11616219787803411,0.8596019666419811,0.1624725742970008,0.9732379775618202,0.5877324296788154,0.07546462402012663,0.03327705000342067,1.0,0.04751899555104019,,-0.15415049474379444,-0.16981742042066372,-0.14293868950232486,0.05438606127399509,-0.1805854290928575,-0.29085002381452646,-0.28492000913472254,-0.04483054932444932,-0.26578440397466424,-0.21029876541858117,-0.16765722165291663,-0.018246329872160273,-0.012653345653615375,-0.059274909510577505,-0.002097555137516955,-0.003963015668685481,0.007942619313250479,-0.04584428683590419,0.1875739126564091,0.16373552289653215,0.1093420870778458,0.0019252762194199764,-0.2713831921031787,-0.041977863839824214
maximum_nights_avg_ntm,-0.2933022076942993,,-0.18276181997003388,0.11097491699429218,0.08522512297383061,,-0.031777362193714624,-0.010576599706808984,0.07555506311157904,0.029163658575444208,-0.004456598325129285,0.05429494871465754,0.051148318975172635,0.49588585834082033,0.04339754567024007,0.15644767631641063,0.9376294114573418,0.9748973573305602,0.04751899555104019,1.0,,-0.03504965537840939,-0.043238267519904505,-0.04732976766063403,0.10193179158711803,0.16439987873611614,0.050251987888739774,-0.007408710655619261,0.020017409936645147,0.09755402046385717,0.06379731858963868,0.03936093413216285,-0.015798469897071312,-0.006830013116935407,-0.010538173703642826,-0.007877034746917812,-0.02753318448051503,0.03129303710089563,-0.032244093927012024,0.1747530544880747,0.21189903513307354,-0.09646028879063687,-0.01480461704334983,-0.031999576709015376,-0.04759505264004766
calendar_updated,,,,,,,,,,,,,,,,,,,,,,,,,,,,,,,,,,,,,,,,,,,,,
availability_30,0.08294835618331803,,0.12052378182761372,-0.03442631629216613,0.016143756125742016,,-0.03030636954600922,0.018125740550664213,0.06825726376183125,0.05145407602919691,1.3124762880526339e-05,0.06081221528135244,-0.1396374506833175,-0.04241880731529636,-0.13877403535194452,-0.18315748385874797,-0.11879638646574021,-0.005566997495889694,-0.15415049474379444,-0.03504965537840939,,1.0,0.9215184406003218,0.830293771544078,0.3801670062223874,-0.04436522823270935,0.007336370751837256,0.0569729480101612,0.5689731802364656,-0.0010809915271316856,-0.09377383633373307,-0.021026127049773354,-0.10831880357012254,-0.1116801845,-0.04943457594254612,-0.14048413139334148,-0.12155961605867889,-0.06619061212424047,-0.10121234423369886,-0.15111197020584535,-0.12429064799829637,-0.11992184502164682,0.08778409497175875,0.020230252664747404,0.05408035610552161
availability_60,0.08341201379506977,,0.1242541161333065,-0.04864284310547479,0.001409384558582316,,-0.029538669197753054,0.03323701716597739,0.09403057967963908,0.05839052169303545,0.0158392769750802,0.08325688486241438,-0.15763607448911124,-0.051763328707217615,-0.15371882533665612,-0.19655592456950946,-0.11456621697206751,-0.011595612657567565,-0.16981742042066372,-0.043238267519904505,,0.9215184406003218,1.0,0.9500740177015601,0.4488530842318453,-0.015827672878201606,0.04886450818789432,0.0938685843635829,0.681282131080613,0.035776071873667305,-0.044155206280319444,0.009943195482599218,-0.08586303087857335,-0.09182447558217906,-0.029966372142017823,-0.11531600646860987,-0.09341456676613559,-0.06392914412315892,-0.08024565712290326,-0.15842328368283656,-0.13651541918886612,-0.10636632099911303,0.07486507555236377,0.061961129037613145,0.074371906363336
availability_90,0.08396561936451113,,0.12133905331552408,-0.04448542622356731,0.0046719954209171475,,-0.03420495732815038,0.04661108608229423,0.08689895501754745,0.04281239197446604,0.014790267694450764,0.08190160618204792,-0.13774001763533747,-0.0381354982777204,-0.1262508136464792,-0.1791854906654718,-0.10839251719964893,-0.01661744642819872,-0.14293868950232486,-0.04732976766063403,,0.830293771544078,0.9500740177015601,1.0,0.5594565423360512,-0.012255674366212457,0.05221227301093264,0.09511070232957637,0.8093440591551089,0.03765096915095668,-0.022046243827907985,0.01589973123200818,-0.08564310006336966,-0.08743418548028588,-0.0339209428288855,-0.10166973497679088,-0.07929537390666326,-0.0739197226454472,-0.08377246726622406,-0.1187643675216598,-0.11029657397037537,-0.055986056450417314,0.06567047870776704,0.06559819529057075,0.0748940734454957
availability_365,0.060365106587384865,,0.03740126869765728,0.1099325970891305,0.1304632330460846,,-0.027343096279200382,0.009669733095847453,0.03109888512123141,0.029042426897255554,-0.024976837279855637,0.01904530178850746,0.03567559908658078,0.15486553421296526,0.06450571925575553,0.04163804800482137,0.05982189870797927,0.12521001009708016,0.05438606127399509,0.10193179158711803,,0.3801670062223874,0.4488530842318453,0.5594565423360512,1.0,-0.06563992549041163,-0.062378296304731844,-0.04112732134289698,0.8459756045105795,-0.06419826539097016,-0.06230627469074482,-0.028942212884763216,-0.1304935549545431,-0.11893784645397734,-0.09303602592146142,-0.10388604979094405,-0.10220148249092108,-0.08976666213480199,-0.14486095624601283,0.1188941510887986,0.1279682721552908,-0.03446973546333711,0.056143598046104776,-0.04345257598150956,0.06756846656039607
number_of_reviews,-0.48383229309550674,,-0.22171354907524204,-0.16161862975363897,-0.17537929054610993,,0.01031536168925396,-0.03395407304651796,0.012088540284257222,-0.08329487120086311,-0.12731462304882904,-0.012933305892410693,-0.16218612371295862,-0.01462123780018108,-0.1753990097408252,-0.1637575817186009,0.18408463981153703,0.15376086708166617,-0.1805854290928575,0.16439987873611614,,-0.04436522823270935,-0.015827672878201606,-0.012255674366212457,-0.06563992549041163,1.0,0.6511789572399314,0.44927939527084854,-0.024171172495512292,0.7127270737831306,0.5684864979304469,0.25313412508900773,0.11631724157377615,0.13021966025575277,0.09588074073690023,0.12448333145151118,0.11832451414510034,0.13063345428078524,0.15029413111758427,-0.1586947812762613,-0.12915997285515352,-0.10562474743333494,0.00029940737996501774,0.5650102309268034,-0.05047413329008228
number_of_reviews_ltm,-0.1560519990428138,,-0.06458230051493166,-0.18414543906291256,-0.1961426107481368,,-0.00718523300404295,0.012094781638347768,0.09287528490960571,-0.03333644318456635,-0.04990610985772733,0.05914727442476467,-0.25768551654377375,-0.15439918765647567,-0.28821470613569244,-0.22286895087760628,0.07438841741866245,0.04187572700047222,-0.29085002381452646,0.050251987888739774,,0.007336370751837256,0.04886450818789432,0.05221227301093264,-0.062378296304731844,0.6511789572399314,1.0,0.7545085896967969,0.01861382960776044,0.9264873578312804,0.8087579432398642,0.41367406034023874,0.1493465239041798,0.14341119670798327,0.14032639940377578,0.1219071756527324,0.1256308400558769,0.11497666992139947,0.16961832400393886,-0.16091848966877365,-0.12588370055846615,-0.12767047383328697,-0.0035299703454912644,0.8341459335049007,-0.05695951587650831
number_of_reviews_l30d,-0.027985296632856746,,-0.02752684967209794,-0.18170869153660527,-0.1950201673432965,,-0.01486442338179355,0.04870649740842487,0.10171478092046693,-0.016228107651330745,-0.025337959819787325,0.059015953448630275,-0.25304271701950387,-0.15495589121502865,-0.28355346776147544,-0.2163111532612308,0.020164850638562958,-0.015998869263029285,-0.28492000913472254,-0.007408710655619261,,0.0569729480101612,0.0938685843635829,0.09511070232957637,-0.04112732134289698,0.44927939527084854,0.7545085896967969,1.0,0.04489252143591517,0.606026861890936,0.6249614265414032,0.3119375966676819,0.1580510895419988,0.14800452160252597,0.15352521283533174,0.11624980282478886,0.1349013749717158,0.09658438513989967,0.17626950153010135,-0.18573555020386773,-0.15059492098298105,-0.1286496494894344,-0.032731134516724866,0.7542234422214138,-0.05719699166246573
availability_eoy,0.07581215113461091,,0.08850853906437307,0.010379365629739176,0.05313615563061861,,-0.03560523124907364,0.04356723827797528,0.06755885850665165,0.026267339734399243,0.013462864564020025,0.06293558295999509,-0.05268291092638571,0.05193912503712754,-0.028686603264727537,-0.08707848809682465,-0.02357738331547297,0.04668207174196308,-0.04483054932444932,0.020017409936645147,,0.5689731802364656,0.681282131080613,0.8093440591551089,0.8459756045105795,-0.024171172495512292,0.01861382960776044,0.04489252143591517,1.0,0.008251838724579243,-0.012105199144792063,0.005605673034937038,-0.11118731594470539,-0.10033011839387249,-0.06658462959555803,-0.0941211430152781,-0.08241240524911705,-0.09259145585425448,-0.11533631472434427,0.007186794640090957,-0.00015546280973773401,0.010505884317871543,0.05825479294698827,0.034681794354947344,0.06937759359895469
number_of_reviews_ly,-0.2608024903308491,,-0.11233054641768647,-0.1680174378760234,-0.17809893134219235,,0.006701118633195041,0.00792427471684157,0.07770623224316071,-0.038798785417544474,-0.05994455380395237,0.04609916419577776,-0.23472268659676138,-0.12682682158583594,-0.26139162950173367,-0.2044496487963029,0.11618293384890348,0.0875022496345376,-0.26578440397466424,0.09755402046385717,,-0.0010809915271316856,0.035776071873667305,0.03765096915095668,-0.06419826539097016,0.7127270737831306,0.9264873578312804,0.606026861890936,0.008251838724579243,1.0,0.7512902068099091,0.3794120416694591,0.13770898413545835,0.13525966179742993,0.12621117389236947,0.1196384380274676,0.11965080754095282,0.10703162845536689,0.1556189395213825,-0.14089133418680763,-0.10807995412540723,-0.11606777508409195,0.0033020083975011925,0.7235083087149613,-0.051582397551058264
estimated_occupancy_l365d,-0.2166486659580636,,-0.13612639948607103,-0.23646905143873415,-0.2535049038700221,,0.015318349419266235,0.011264365299145384,0.06865442158271608,-0.025484622143438326,-0.0709701087006988,0.03746978482298522,-0.16640168081670187,-0.14804907243354282,-0.21723945435979122,-0.21831338411006132,0.10162341334897061,0.05151190960753324,-0.21029876541858117,0.06379731858963868,,-0.09377383633373307,-0.044155206280319444,-0.022046243827907985,-0.06230627469074482,0.5684864979304469,0.8087579432398642,0.6249614265414032,-0.012105199144792063,0.7512902068099091,1.0,0.4802126866452936,0.17867012401461724,0.16932523638274635,0.14732509639568622,0.1554701082116853,0.16720643500236057,0.1188488544271122,0.18328585700212788,-0.13877550037856587,-0.09220204215652013,-0.15941799446831859,-0.026234748591254155,0.6424313741561889,-0.08283083520495195
estimated_revenue_l365d,-0.0753523478600207,,-0.024559816599179694,-0.047093486729131495,-0.017939723862366974,,-0.030943584105030588,-0.04681865057947134,0.2252804235456567,0.14739610977886494,0.12708986658171584,0.1988844134195108,-0.1334925947234968,-0.053692181302792484,-0.1735015183907479,-0.13312163453322573,0.03837372848005208,0.07589964886804132,-0.16765722165291663,0.03936093413216285,,-0.021026127049773354,0.009943195482599218,0.01589973123200818,-0.028942212884763216,0.25313412508900773,0.41367406034023874,0.3119375966676819,0.005605673034937038,0.3794120416694591,0.4802126866452936,1.0,0.0934082807482792,0.09855777421747956,0.10311392979759608,0.0726402504569893,0.06251226257816854,0.10978164473053117,0.09894482832552137,-0.029785826714316413,-0.004936892329644921,-0.1067522515111867,-0.03215947219968787,0.2953665906015838,0.2345752436612686
review_scores_rating,-0.059222263249983656,,-0.12967686148782745,-0.09703124663179584,-0.10590160847071504,,0.050883385041944285,-0.027683694881625157,0.05878789285460556,0.0026338605689443704,0.042840739285442006,0.038804272427690426,-0.027473049929662118,-0.059029266210506935,-0.017311282856638507,-0.08235024277277221,0.017671086211434487,-0.023778340180020143,-0.018246329872160273,-0.015798469897071312,,-0.10831880357012254,-0.08586303087857335,-0.08564310006336966,-0.1304935549545431,0.11631724157377615,0.1493465239041798,0.1580510895419988,-0.11118731594470539,0.13770898413545835,0.17867012401461724,0.0934082807482792,1.0,0.8545357703791548,0.7886060326426538,0.6684033955572678,0.774254639059516,0.5613815193813235,0.8504351699110805,-0.07771820614606355,-0.05991049487256452,-0.1984972245597292,-0.06543436325403186,0.15247175955563239,-0.007290598769580034
review_scores_accuracy,-0.09306093945542818,,-0.12579129558172605,-0.10681390906267671,-0.11758122843924514,,0.05397711623469247,-0.02675066822491106,0.0473208878182336,-0.0076408538081252355,0.021183800793251818,0.01997840031003649,-0.015501049305667598,-0.049224864617110974,-0.013513949530192124,-0.07358761612298946,0.026767860295821115,-0.01375589024651808,-0.012653345653615375,-0.006830013116935407,,-0.1116801845,-0.09182447558217906,-0.08743418548028588,-0.11893784645397734,0.13021966025575277,0.14341119670798327,0.14800452160252597,-0.10033011839387249,0.13525966179742993,0.16932523638274635,0.09855777421747956,0.8545357703791548,1.0,0.7248229178523222,0.6210556479872213,0.7002179184098439,0.5248091531688297,0.8028437134493984,-0.07040599139138781,-0.05503883023547856,-0.17614712779694205,-0.053205142538724125,0.14753996479952353,0.020466279820130932
review_scores_cleanliness,0.0022512719994825904,,-0.08067381335236169,-0.037389030248681,-0.040374646304979195,,0.02128228382128157,-0.029544808815736838,0.06313902894479242,-0.030352130986246104,0.03736172911134531,0.03169942016587286,-0.061841335079282515,-0.06548238225006565,-0.05955504952437716,-0.065096086596448,0.00358251422360835,-0.012729940593947863,-0.059274909510577505,-0.010538173703642826,,-0.04943457594254612,-0.029966372142017823,-0.0339209428288855,-0.09303602592146142,0.09588074073690023,0.14032639940377578,0.15352521283533174,-0.06658462959555803,0.12621117389236947,0.14732509639568622,0.10311392979759608,0.7886060326426538,0.7248229178523222,1.0,0.5476628929301535,0.6336965131119858,0.48152876949332396,0.7099460774937113,-0.019962256185944504,0.004575761694469618,-0.2746319675333128,-0.0784719131473762,0.15419131626698937,0.022613216795685984
review_scores_checkin,-0.11511138270884716,,-0.14233052553469905,-0.10000641264621073,-0.12095958952081493,,0.050699533461550934,0.000731056349302998,0.03551468504955064,0.0037263168745600007,0.03503658997603607,0.03507014509070831,-0.033182748410295726,-0.02109944936186503,0.00787954932418009,-0.07215526569397764,0.04826460140881275,-0.017803739069671247,-0.002097555137516955,-0.007877034746917812,,-0.14048413139334148,-0.11531600646860987,-0.10166973497679088,-0.10388604979094405,0.12448333145151118,0.1219071756527324,0.11624980282478886,-0.0941211430152781,0.1196384380274676,0.1554701082116853,0.0726402504569893,0.6684033955572678,0.6210556479872213,0.5476628929301535,1.0,0.7144896155173208,0.4124529337503953,0.6504138671006726,-0.09058241594303003,-0.08129571501970223,-0.1072424711937664,-0.058550838554991304,0.11280254294015665,-0.014838498168897978
review_scores_communication,-0.08942403016355896,,-0.15778268576724527,-0.173929014756219,-0.18752830076505264,,0.05546450193248299,0.004575598402346417,0.037379758808112985,-0.002230844684439634,0.03556993574663285,0.035841320527758645,-0.004933530384154281,-0.061863461581605904,-0.0008210673938207144,-0.12457319122990428,0.04060452988141244,-0.042915811732729396,-0.003963015668685481,-0.02753318448051503,,-0.12155961605867889,-0.09341456676613559,-0.07929537390666326,-0.10220148249092108,0.11832451414510034,0.1256308400558769,0.1349013749717158,-0.08241240524911705,0.11965080754095282,0.16720643500236057,0.06251226257816854,0.774254639059516,0.7002179184098439,0.6336965131119858,0.7144896155173208,1.0,0.37934297907341624,0.7127652363623851,-0.09304926069096944,-0.08000137181847822,-0.1391462869241283,-0.06755983190213645,0.13133866301748118,0.0016752571095296632
review_scores_location,-0.1323959007417684,,-0.1477928028965931,0.008069750999395485,0.013152004619362374,,0.1620561431850537,-0.317679611898181,-0.020434264259554368,-0.05063926779552626,-0.06428556513320258,-0.009494803578282293,0.002624577184603956,-0.015088489279143443,0.0033520077488130395,-0.006066679798819771,0.018356988877281297,0.03853275207896308,0.007942619313250479,0.03129303710089563,,-0.06619061212424047,-0.06392914412315892,-0.0739197226454472,-0.08976666213480199,0.13063345428078524,0.11497666992139947,0.09658438513989967,-0.09259145585425448,0.10703162845536689,0.1188488544271122,0.10978164473053117,0.5613815193813235,0.5248091531688297,0.48152876949332396,0.4124529337503953,0.37934297907341624,1.0,0.5317840461983303,0.0584502961265501,0.06797772271326805,-0.11747964214975375,-0.01694027870587903,0.10131332105443024,0.0274762344361169
review_scores_value,-0.08313737516211886,,-0.12802415481161816,-0.20959952904126228,-0.20290005121602822,,0.06037427143449009,-0.009752691739515535,0.05583728830432976,0.00046827223160122024,0.038238149701849876,0.04373648817677087,-0.057513680506105176,-0.06633051116012202,-0.04030128703090985,-0.1621656541980931,0.004041384237441991,-0.03794877020153141,-0.04584428683590419,-0.032244093927012024,,-0.10121234423369886,-0.08024565712290326,-0.08377246726622406,-0.14486095624601283,0.15029413111758427,0.16961832400393886,0.17626950153010135,-0.11533631472434427,0.1556189395213825,0.18328585700212788,0.09894482832552137,0.8504351699110805,0.8028437134493984,0.7099460774937113,0.6504138671006726,0.7127652363623851,0.5317840461983303,1.0,-0.16864787527797626,-0.15463418360958606,-0.17346048696803898,-0.03541484340319905,0.18159547227413672,0.02112003860659547
calculated_host_listings_count,0.11157022489385511,,-0.08286420700847227,0.5668794063388971,0.5261147642413196,,-0.07058542403190349,-0.11963059131159805,-0.12516240008520843,-0.12348722079999122,-0.048227660245667214,-0.11029771422713106,0.2343446672832548,0.15163890000135274,0.16374568497821285,0.4713632239087135,0.1742957868087571,0.17067625800489908,0.1875739126564091,0.1747530544880747,,-0.15111197020584535,-0.15842328368283656,-0.1187643675216598,0.1188941510887986,-0.1586947812762613,-0.16091848966877365,-0.18573555020386773,0.007186794640090957,-0.14089133418680763,-0.13877550037856587,-0.029785826714316413,-0.07771820614606355,-0.07040599139138781,-0.019962256185944504,-0.09058241594303003,-0.09304926069096944,0.0584502961265501,-0.16864787527797626,1.0,0.9573702283955812,0.23929574608030837,-0.022421538922543977,-0.1194744729024297,0.022894233166578536
calculated_host_listings_count_entire_homes,0.06849567496362872,,-0.16435656902901685,0.5592266874869458,0.5010090928523183,,-0.08681811180382949,-0.10557800373604595,-0.07516419859114702,-0.037991697899908534,-0.08672104523969681,-0.07391650021828565,0.2142641358940975,0.1578544228503145,0.13537936890007615,0.48357318244049335,0.21067706476815037,0.20149300872183992,0.16373552289653215,0.21189903513307354,,-0.12429064799829637,-0.13651541918886612,-0.11029657397037537,0.1279682721552908,-0.12915997285515352,-0.12588370055846615,-0.15059492098298105,-0.00015546280973773401,-0.10807995412540723,-0.09220204215652013,-0.004936892329644921,-0.05991049487256452,-0.05503883023547856,0.004575761694469618,-0.08129571501970223,-0.08000137181847822,0.06797772271326805,-0.15463418360958606,0.9573702283955812,1.0,-0.04596969020887081,-0.02939823183894764,-0.10822229750483636,-0.020726646896630903
calculated_host_listings_count_private_rooms,0.14431909433683293,,0.23978280878143055,0.044233484120645046,0.07525352469608922,,0.0430090820707984,-0.03898559228311779,-0.19832025931710587,-0.2746804562940827,0.12937424548620424,-0.13580827545918248,0.09914261525963972,-0.03432223655866976,0.12158066704074033,0.01471012174976111,-0.08291548977097074,-0.1024932535324473,0.1093420870778458,-0.09646028879063687,,-0.11992184502164682,-0.10636632099911303,-0.055986056450417314,-0.03446973546333711,-0.10562474743333494,-0.12767047383328697,-0.1286496494894344,0.010505884317871543,-0.11606777508409195,-0.15941799446831859,-0.1067522515111867,-0.1984972245597292,-0.17614712779694205,-0.2746319675333128,-0.1072424711937664,-0.1391462869241283,-0.11747964214975375,-0.17346048696803898,0.23929574608030837,-0.04596969020887081,1.0,-0.0045463327456271505,-0.13161997911055814,-0.022229603524943308
calculated_host_listings_count_shared_rooms,-0.06366514126376767,,-0.011262593332234942,-0.022445674936938977,-0.0246920835121696,,-0.04795266325887391,0.010222189874927309,-0.0076759017113944466,-0.0338595769587902,-0.03205602361447337,0.1360022776320296,0.0016075694371110339,0.02122821670930522,0.006003701748317535,-0.011723200619702598,-0.010334701158412929,-0.008666275353819246,0.0019252762194199764,-0.01480461704334983,,0.08778409497175875,0.07486507555236377,0.06567047870776704,0.056143598046104776,0.00029940737996501774,-0.0035299703454912644,-0.032731134516724866,0.05825479294698827,0.0033020083975011925,-0.026234748591254155,-0.03215947219968787,-0.06543436325403186,-0.053205142538724125,-0.0784719131473762,-0.058550838554991304,-0.06755983190213645,-0.01694027870587903,-0.03541484340319905,-0.022421538922543977,-0.02939823183894764,-0.0045463327456271505,1.0,-0.02267589106656961,-0.008239642071523789
reviews_per_month,0.11141322522920073,,0.08589486924019223,-0.14797337678109704,-0.16818425234630294,,-0.037141897389521616,0.01623925480900915,0.06546086945806334,-0.08269189044047282,-0.049746358642549025,0.040512518003818714,-0.25830989003829463,-0.1587776562169734,-0.26573916982126233,-0.22646362927334804,0.005111925418268488,-0.039141451741222605,-0.2713831921031787,-0.031999576709015376,,0.020230252664747404,0.061961129037613145,0.06559819529057075,-0.04345257598150956,0.5650102309268034,0.8341459335049007,0.7542234422214138,0.034681794354947344,0.7235083087149613,0.6424313741561889,0.2953665906015838,0.15247175955563239,0.14753996479952353,0.15419131626698937,0.11280254294015665,0.13133866301748118,0.10131332105443024,0.18159547227413672,-0.1194744729024297,-0.10822229750483636,-0.13161997911055814,-0.02267589106656961,1.0,-0.032958449586162994
price_clean,0.05090911446271159,,0.11559683747224296,0.25314709952328024,0.3844806270971548,,0.03400784748597222,-0.07397402924637331,0.13092781889716268,0.08612603051579898,0.049975086102852506,0.10279905972797414,-0.03889881192589144,0.12455475612152356,-0.039422969988783044,-0.02395553367558494,-0.09827390659187774,0.07207922597939083,-0.041977863839824214,-0.04759505264004766,,0.05408035610552161,0.074371906363336,0.0748940734454957,0.06756846656039607,-0.05047413329008228,-0.05695951587650831,-0.05719699166246573,0.06937759359895469,-0.051582397551058264,-0.08283083520495195,0.2345752436612686,-0.007290598769580034,0.020466279820130932,0.022613216795685984,-0.014838498168897978,0.0016752571095296632,0.0274762344361169,0.02112003860659547,0.022894233166578536,-0.020726646896630903,-0.022229603524943308,-0.008239642071523789,-0.032958449586162994,1.0
