,id,scrape_id,host_id,host_listings_count,host_total_listings_count,latitude,longitude,accommodates,bathrooms,bedrooms,beds,minimum_nights,maximum_nights,minimum_minimum_nights,maximum_minimum_nights,minimum_maximum_nights,maximum_maximum_nights,minimum_nights_avg_ntm,maximum_nights_avg_ntm,calendar_updated,availability_30,availability_60,availability_90,availability_365,number_of_reviews,number_of_reviews_ltm,number_of_reviews_l30d,availability_eoy,number_of_reviews_ly,estimated_occupancy_l365d,estimated_revenue_l365d,review_scores_rating,review_scores_accuracy,review_scores_cleanliness,review_scores_checkin,review_scores_communication,review_scores_location,review_scores_value,calculated_host_listings_count,calculated_host_listings_count_entire_homes,calculated_host_listings_count_private_rooms,calculated_host_listings_count_shared_rooms,reviews_per_month,price_clean
id,1.0,,0.47548741496842406,0.05772035028659932,0.06731354375706447,0.02932186655100343,0.0685396264258178,0.13166067154932326,0.06693338272276239,0.08058312562075004,0.034098173829902115,-0.1098998226064769,-0.2582897921925752,-0.11424462286780297,-0.0810615690603825,-0.007691741186962601,-0.007691169564228078,-0.1095865521133841,-0.007690353178567658,,0.20861349744755892,0.24015907781972481,0.25651519595703476,0.26656211681346303,-0.3247635411690372,0.00815843878117843,0.09237572421858192,0.26705235240281544,-0.12257768623706386,-0.022344593681790238,-0.01583034230427587,-0.06535050255613478,-0.07754685278746865,-0.02409162986390875,-0.1042575250461436,-0.07018626812995238,-0.10520599356417434,-0.0627849093364542,0.10195335194054107,0.045312949569793926,0.18021782794767863,0.08298797188482551,0.20095527376239042,0.01212994193815617
scrape_id,,,,,,,,,,,,,,,,,,,,,,,,,,,,,,,,,,,,,,,,,,,,
host_id,0.47548741496842406,,1.0,0.011696117269058198,0.027799335843310593,0.013837532122258035,0.1149276925695601,0.05444462639449662,-0.013761615981072006,0.00741560915489451,-1.807946727464745e-05,-0.1004067605949586,-0.13678198404352446,-0.10475522896808978,-0.0995511165636843,0.004388721337759356,0.004389927123321088,-0.10271535465925485,0.004389364081588536,,0.1411873705854136,0.15250042517870285,0.15552861194636836,0.14093078843093568,-0.1683871834537855,0.012929357030424709,0.05683582889102736,0.1577351258909173,-0.04973731703720074,-0.0301376273064933,-0.003119010014209746,-0.11217243251360559,-0.10913999558879911,-0.0755089170677446,-0.12441435831423224,-0.10312718129646867,-0.12663834216260247,-0.1016175622281884,0.03600092362261943,-0.054051490615576035,0.26552003981033256,0.1319952225719232,0.13240242531165994,0.027961705138778537
host_listings_count,0.05772035028659932,,0.011696117269058198,1.0,0.9626004630466646,-0.02066982084556165,-0.04280298959101793,-0.056856740129688395,-0.04574174731307889,-0.0615469926786441,-0.08448411013978098,0.03745665166175742,0.20857155736932753,0.03978180019007891,0.2893549707468782,-0.001136771383088718,-0.0011353744575063763,0.04478546867539164,-0.0011363043815442008,,0.07137351321434818,0.06914572305070617,0.06548063045883167,0.11322979425094921,-0.07118213377659986,-0.07073641019681251,-0.06623950286236063,0.0713289346676888,-0.06778188765250885,-0.10599480766616066,0.01456474557243279,-0.09014566467338987,-0.06478460079409833,-0.051799358707677746,-0.10509085075243765,-0.12843994502593678,-0.050431303522453334,-0.1235975457796716,0.8636939338335977,0.869850687959673,0.008333043720284879,0.0043117931556984415,-0.06590429430685239,0.057531416608946846
host_total_listings_count,0.06731354375706447,,0.027799335843310593,0.9626004630466646,1.0,-0.033459606509260234,-0.03856229318189765,-0.04239481687383108,-0.04285763024536614,-0.056520583151608336,-0.08357055937931496,0.02369391560406314,0.22314583916459424,0.025955083996868834,0.24746322499946716,-0.0012280191537335427,-0.001225594901783244,0.03021724652121975,-0.0012273022360219901,,0.0735097474530277,0.07414110014206307,0.07139248899629973,0.11217389135177332,-0.07440630716957602,-0.07277472946657144,-0.06795860478739998,0.07787034552153167,-0.07011497424163413,-0.10851675183342813,0.030654510854458084,-0.09464115769173008,-0.07251735837015108,-0.053621115789170046,-0.10486402619852757,-0.12824803897573195,-0.053412031899312824,-0.12588370759737222,0.7936685448973961,0.777553257668442,0.009361848080877973,0.0013305803913845021,-0.06803292646580733,0.10445858863303953
latitude,0.02932186655100343,,0.013837532122258035,-0.02066982084556165,-0.033459606509260234,1.0,-0.07498284675964832,0.02686700321883521,0.05179657931414509,0.04676641361742862,0.02061610327521358,-0.0012741652241249357,-0.011838436772883513,0.00029806265445627854,-0.009628162907750709,-0.008601935921389523,-0.008602473226528684,-0.0011502482801857576,-0.008601688695637945,,0.037626711295226545,0.035012775854017734,0.031899148864807866,0.03464247163069814,-0.05238805214308077,-0.055752974970370364,-0.058323509462638576,0.02700117813935682,-0.051441328243574926,-0.05549066827433033,-0.03136683494122234,0.025658109696976537,0.021419297700858302,0.023001327359281527,0.013534143776152419,0.020962602010551182,0.019692652074875878,0.04221682710431336,-0.03163633436182087,-0.021216434924002187,-0.024732110067572286,-0.018979888345262978,-0.04911496887331535,-0.03380818337831383
longitude,0.0685396264258178,,0.1149276925695601,-0.04280298959101793,-0.03856229318189765,-0.07498284675964832,1.0,-0.05585734768687953,-0.11237826615566851,-0.0624568373631831,-0.043653293785166816,-0.11172132080821738,-0.05529096699557297,-0.11542494056998483,-0.09870976232209526,-0.003503500286310347,-0.003503617225290457,-0.11009471901651514,-0.003502737496627947,,0.0021749530558017533,0.0012622471663515013,0.001274382242888111,-0.01344785952312305,0.016190682612160754,0.08342024424795057,0.06490383995986973,0.002534879067590309,0.06690093024901748,0.06383937283196009,-0.02135860629111596,-0.03879203501497995,-0.030762752730137784,-0.03884863650797083,-0.018064539769439374,-0.02370872721784628,-0.067052443398,0.0015178432508410136,-0.04735215679255779,-0.05368795766770466,0.014587627853788617,-0.00420649078687426,0.07640651813000955,-0.058219603143343436
accommodates,0.13166067154932326,,0.05444462639449662,-0.056856740129688395,-0.04239481687383108,0.02686700321883521,-0.05585734768687953,1.0,0.6930106213105387,0.8324407215609159,0.8286981278122204,-0.07172091686028938,-0.002238168934838332,-0.07480778663616593,-0.07012693816144464,-0.00011311229237753837,-0.00011280714451856598,-0.07094540779033583,-0.00011302156549606903,,0.11699246158398062,0.11259172193367092,0.11072436537546353,0.10842676027084966,-0.03211770288359779,0.04960642670264514,0.060615635424824156,0.1163055224518525,0.035499307602889926,0.020725475150463944,0.06860121976874455,0.019018959565622544,0.0041293658301612855,0.01815592975577071,0.011099795343381008,0.017896829106142258,0.012167458058527864,0.001509617121935128,-0.04818256697353536,-0.010437580397556179,-0.13789063166951793,-0.06728470433978921,0.08206109386710117,0.16902630244542424
bathrooms,0.06693338272276239,,-0.013761615981072006,-0.04574174731307889,-0.04285763024536614,0.05179657931414509,-0.11237826615566851,0.6930106213105387,1.0,0.7780745277374043,0.6421185450372076,-0.002761394126598994,0.02221636003366965,-0.0033080022821343875,-0.011083577204269578,-0.0028376263156855964,-0.002837699677412355,-0.0028530837583648234,-0.002837403099790945,,0.08125264408951273,0.06651314502155942,0.053998684480917485,0.058397146502505826,-0.10359493711636264,-0.07228388421536236,-0.059969683344173345,0.05315572003258651,-0.07261711929345038,-0.10953879506814691,0.04290551559695465,0.024138860142323113,0.0124804953245975,0.005232215827210489,0.02091874674787114,0.018723280517035538,0.02757912481302355,0.01494354032356436,-0.013957085468620753,0.009283626231504628,-0.07507147020841491,-0.0348631225149874,-0.06391053787697726,0.2056308333860768
bedrooms,0.08058312562075004,,0.00741560915489451,-0.0615469926786441,-0.056520583151608336,0.04676641361742862,-0.0624568373631831,0.8324407215609159,0.7780745277374043,1.0,0.8010541442533439,-0.021698071155960775,0.0004399905410703353,-0.02456401974079358,-0.03142544382631599,-0.004179694820634602,-0.0041798545359660495,-0.0241032310561023,-0.004178971953246719,,0.05529169736953178,0.03597304362446054,0.02453487775067003,0.02076625992573103,-0.09649726403303577,-0.03818409469530557,-0.023018907142480435,0.02348451992917671,-0.04022723817610674,-0.07434822949525763,0.05479309018038499,0.039798508043973044,0.01981644540759614,0.02144629326150288,0.0377664796242845,0.03403856200762008,0.03137520076469986,0.026636012965043816,-0.04730180122717599,-0.015599496896515144,-0.10778166959836546,-0.04250985431359714,-0.022129902102353195,0.1568669286650909
beds,0.034098173829902115,,-1.807946727464745e-05,-0.08448411013978098,-0.08357055937931496,0.02061610327521358,-0.043653293785166816,0.8286981278122204,0.6421185450372076,0.8010541442533439,1.0,-0.07695307447681558,0.0093005199033397,-0.07969345017223356,-0.07127808968485698,-0.0037675328074933253,-0.0037676723869027894,-0.07438785079103867,-0.003767094244679425,,0.05494633200265111,0.03895282670032864,0.030797716721396896,0.032851042134942006,-0.02945594475656964,0.01927019051453335,0.027301708219940136,0.03402327695367597,0.015984884635592774,-0.0096478579466289,0.05595744105490294,0.029752477206331715,0.015244790191556376,0.015942589745870397,0.029738270726955122,0.032179909412526624,0.023105781534314897,0.020255696573492233,-0.07471315551642951,-0.03438388903375238,-0.13050187918669223,-0.05275218470916375,0.02976443580671931,0.10551083710609045
minimum_nights,-0.1098998226064769,,-0.1004067605949586,0.03745665166175742,0.02369391560406314,-0.0012741652241249357,-0.11172132080821738,-0.07172091686028938,-0.002761394126598994,-0.021698071155960775,-0.07695307447681558,1.0,0.11180096565754542,0.9685659568598662,0.7919193356700666,-0.002516817776743819,-0.0025174559259802877,0.960389199620551,-0.0025164027940937973,,-0.01561553571876193,-0.02616540577309568,-0.034109834313098546,-0.01121448956283026,-0.12412684782015176,-0.21497840225440965,-0.21327211494241496,-0.03715805077443671,-0.18428699606281632,-0.1160719323331305,-0.04232734683957022,-0.0023914912760001094,-0.00017563902153871363,-0.02288513934879435,0.012267811529001648,-0.0024516193040981537,-0.0015300957969705863,-0.01867063459766777,0.05349151202639874,0.04870492808601246,0.036644474540594045,0.023432566041776435,-0.23778273938373484,-0.026177241782327654
maximum_nights,-0.2582897921925752,,-0.13678198404352446,0.20857155736932753,0.22314583916459424,-0.011838436772883513,-0.05529096699557297,-0.002238168934838332,0.02221636003366965,0.0004399905410703353,0.0093005199033397,0.11180096565754542,1.0,0.11654656251869762,0.15619484440214979,-0.006946102185044661,-0.006944930786670827,0.11660835380761678,-0.006944757206836948,,-0.07579693236263527,-0.09072946895461993,-0.10071241550836733,-0.02395758100346985,-0.04499828320919853,-0.1151263136421567,-0.12269592874457368,-0.09350671328634563,-0.0947066263586477,-0.12970629622877006,0.009167920542466332,-0.04255371519558881,-0.030798980939111622,-0.054133623151882956,-0.020681650069855995,-0.03616982197517821,0.0027190164676703945,-0.05146628052794711,0.20501614891331307,0.21603968112170394,-0.05320413021174236,-0.01746583681898568,-0.1574216532113924,0.08269947890866873
minimum_minimum_nights,-0.11424462286780297,,-0.10475522896808978,0.03978180019007891,0.025955083996868834,0.00029806265445627854,-0.11542494056998483,-0.07480778663616593,-0.0033080022821343875,-0.02456401974079358,-0.07969345017223356,0.9685659568598662,0.11654656251869762,1.0,0.7965504707085521,-0.0037112904979638944,-0.0037119760761664755,0.9733854822568236,-0.003711584087534943,,-0.015284708837983666,-0.025347141083043978,-0.0331801828340943,-0.007829681228983936,-0.1287795738848054,-0.22280833631295693,-0.21959976644547927,-0.03616295625857097,-0.1922108479572941,-0.13248246125959898,-0.04794552086035995,-0.004358465840128151,-0.0015967976961108797,-0.026202057293423935,0.01147725277728508,-0.003868929080837973,-0.004913477451066916,-0.020773688892887648,0.05505490359476042,0.04994368472908839,0.03748452391300498,0.024830340734505185,-0.24771832758355286,-0.025625598354302625
maximum_minimum_nights,-0.0810615690603825,,-0.0995511165636843,0.2893549707468782,0.24746322499946716,-0.009628162907750709,-0.09870976232209526,-0.07012693816144464,-0.011083577204269578,-0.03142544382631599,-0.07127808968485698,0.7919193356700666,0.15619484440214979,0.7965504707085521,1.0,-0.0030806907402205676,-0.0030812075649727837,0.8391132560080928,-0.003080913135772027,,-0.038459421583881215,-0.04423561846899384,-0.048192031915048845,0.007584606763819635,-0.11364827179094851,-0.18421507734617595,-0.18215920601062405,-0.046106778725105955,-0.1581059604415599,-0.11358169213048903,-0.034239878090762295,-0.011719450011178136,-0.005124691410999442,-0.023664265431715868,-0.004156357223057094,-0.01438981622596528,-0.002512862360948155,-0.03193071710768159,0.32274934859445104,0.333979332500426,0.01842948147580291,0.01412885919287876,-0.2151442860331343,-0.019815168536517942
minimum_maximum_nights,-0.007691741186962601,,0.004388721337759356,-0.001136771383088718,-0.0012280191537335427,-0.008601935921389523,-0.003503500286310347,-0.00011311229237753837,-0.0028376263156855964,-0.004179694820634602,-0.0037675328074933253,-0.002516817776743819,-0.006946102185044661,-0.0037112904979638944,-0.0030806907402205676,1.0,0.9999999999533931,-0.0037546457029554755,0.99999999998621,,-0.0016790700845020897,-0.002599214271366069,-0.0029572827248293843,-0.002520072352864759,-0.0019453549585133803,-0.0025268330772780095,-0.0029620750571080216,-0.002920915096010804,-0.0018836692133326273,-0.003201626732690858,-1.2171018640106095e-05,-0.0025864636764917695,-0.002989276954843504,0.002640751100291458,-0.0023939198881101193,-0.004120780005160754,0.0016578410174879893,-0.002888721285299346,-0.0018189991905254435,-0.0015109001501904778,-0.001071763050660476,-0.0005611976076622362,-0.005198985643713812,3.8943028458661205e-05
maximum_maximum_nights,-0.007691169564228078,,0.004389927123321088,-0.0011353744575063763,-0.001225594901783244,-0.008602473226528684,-0.003503617225290457,-0.00011280714451856598,-0.002837699677412355,-0.0041798545359660495,-0.0037676723869027894,-0.0025174559259802877,-0.006944930786670827,-0.0037119760761664755,-0.0030812075649727837,0.9999999999533931,1.0,-0.0037553014499115793,0.9999999999799218,,-0.0016785807255296967,-0.002598646925916326,-0.0029566796580085524,-0.0025198380038685313,-0.0019454180396301986,-0.0025263949657866897,-0.0029618636276122845,-0.0029202916877291126,-0.001883410700239944,-0.0032017728413316206,-1.1105466185274997e-05,-0.0025868800037454954,-0.002989637171067149,0.002640595508476468,-0.002394275902040878,-0.004121244323433714,0.0016576680104034441,-0.0028892108895609953,-0.0018184818397994462,-0.0015109557457076083,-0.0010717462657693264,-0.0005612685752941517,-0.005198551359333933,4.2302930543153e-05
minimum_nights_avg_ntm,-0.1095865521133841,,-0.10271535465925485,0.04478546867539164,0.03021724652121975,-0.0011502482801857576,-0.11009471901651514,-0.07094540779033583,-0.0028530837583648234,-0.0241032310561023,-0.07438785079103867,0.960389199620551,0.11660835380761678,0.9733854822568236,0.8391132560080928,-0.0037546457029554755,-0.0037553014499115793,1.0,-0.0037542549347076067,,-0.01624307660102216,-0.024833606439939305,-0.03158774889240957,-0.005067597391915278,-0.12347968367440562,-0.21185257428589216,-0.21021524990139553,-0.03382535837545686,-0.18280348838219873,-0.11785758330613846,-0.043041977053605705,-0.0020842894847746076,0.0009673130775226421,-0.02298660553043915,0.013064536934913171,-0.0012017062024412698,-0.0036535641047842154,-0.01832391308964044,0.060804914244995574,0.05723941006271964,0.03341943178547457,0.02255980010593421,-0.23607058283092,-0.025762547972812824
maximum_nights_avg_ntm,-0.007690353178567658,,0.004389364081588536,-0.0011363043815442008,-0.0012273022360219901,-0.008601688695637945,-0.003502737496627947,-0.00011302156549606903,-0.002837403099790945,-0.004178971953246719,-0.003767094244679425,-0.0025164027940937973,-0.006944757206836948,-0.003711584087534943,-0.003080913135772027,0.99999999998621,0.9999999999799218,-0.0037542549347076067,1.0,,-0.0016770809147743958,-0.0025966791528305635,-0.002954400983440338,-0.002517549802616199,-0.001945851085192938,-0.0025068183618205046,-0.00294549171311581,-0.0029179189793377153,-0.0018844357421830976,-0.003202564180702939,-1.2152979728326919e-05,-0.002586337606739438,-0.002988906282137663,0.0026404864364318456,-0.0023939460467209024,-0.004120564865659484,0.0016576661515556362,-0.002888791933523024,-0.0018187348823909685,-0.0015107617217509665,-0.0010718179798646476,-0.0005611232886251046,-0.0051800552501582685,3.954517521481574e-05
calendar_updated,,,,,,,,,,,,,,,,,,,,,,,,,,,,,,,,,,,,,,,,,,,,
availability_30,0.20861349744755892,,0.1411873705854136,0.07137351321434818,0.0735097474530277,0.037626711295226545,0.0021749530558017533,0.11699246158398062,0.08125264408951273,0.05529169736953178,0.05494633200265111,-0.01561553571876193,-0.07579693236263527,-0.015284708837983666,-0.038459421583881215,-0.0016790700845020897,-0.0016785807255296967,-0.01624307660102216,-0.0016770809147743958,,1.0,0.9393845761038758,0.8846773871915412,0.5764936956912226,-0.04260727365228599,-0.012110130469978095,0.012107884712957075,0.8366348115928142,-0.019738484457704406,-0.06634936170706048,-0.03160986184743912,-0.09386532262306274,-0.09774709117697214,-0.06095976963914983,-0.08537087388013802,-0.08572460540522098,-0.07774624711026386,-0.10684777543982818,0.05528749373725172,0.06056778467890727,-0.023313445158543628,0.015310754739948357,0.05433754222523711,0.037676707863505604
availability_60,0.24015907781972481,,0.15250042517870285,0.06914572305070617,0.07414110014206307,0.035012775854017734,0.0012622471663515013,0.11259172193367092,0.06651314502155942,0.03597304362446054,0.03895282670032864,-0.02616540577309568,-0.09072946895461993,-0.025347141083043978,-0.04423561846899384,-0.002599214271366069,-0.002598646925916326,-0.024833606439939305,-0.0025966791528305635,,0.9393845761038758,1.0,0.9771782141107707,0.6518519511109951,-0.027262587641462097,0.01182614482943506,0.03503691155336883,0.9370221045883763,-0.00040497428877491956,-0.020316585796598962,-0.03132075923556427,-0.08928711965127438,-0.09228276614954305,-0.05259296116166984,-0.08282970595430046,-0.08214646100608632,-0.07849770637280766,-0.10433098747695974,0.058451339540725726,0.05776035566373549,-0.0070609609763236745,0.021088734292950287,0.07518373174948127,0.03232779619933865
availability_90,0.25651519595703476,,0.15552861194636836,0.06548063045883167,0.07139248899629973,0.031899148864807866,0.001274382242888111,0.11072436537546353,0.053998684480917485,0.02453487775067003,0.030797716721396896,-0.034109834313098546,-0.10071241550836733,-0.0331801828340943,-0.048192031915048845,-0.0029572827248293843,-0.0029566796580085524,-0.03158774889240957,-0.002954400983440338,,0.8846773871915412,0.9771782141107707,1.0,0.6969677151777106,-0.009686955536989426,0.03503854510020344,0.057877357378119144,0.9769251471650927,0.01926984547809177,0.01807087594748025,-0.029096136627025676,-0.08082590110518803,-0.08399991511928659,-0.04141710147464576,-0.0766990611337377,-0.07562781790226701,-0.07360901616487338,-0.09718635664003814,0.05742688933171689,0.055694194631518194,-0.005091385871730462,0.02344177238658367,0.09691571118964318,0.03096957704163101
availability_365,0.26656211681346303,,0.14093078843093568,0.11322979425094921,0.11217389135177332,0.03464247163069814,-0.01344785952312305,0.10842676027084966,0.058397146502505826,0.02076625992573103,0.032851042134942006,-0.01121448956283026,-0.02395758100346985,-0.007829681228983936,0.007584606763819635,-0.002520072352864759,-0.0025198380038685313,-0.005067597391915278,-0.002517549802616199,,0.5764936956912226,0.6518519511109951,0.6969677151777106,1.0,-0.0027692934565705396,0.025471265835034784,0.04733061577664598,0.7819508375582246,0.009047546171152672,0.053601547756742605,-0.02330699566996019,-0.07067482081028108,-0.07550565923070722,-0.031275160787690416,-0.07015994847386599,-0.06882971136587884,-0.07485763103463566,-0.08950608714408444,0.12488797893117591,0.11420754878666141,0.044981801992087136,-0.018715293253357655,0.07987239615830612,0.036078265438908755
number_of_reviews,-0.3247635411690372,,-0.1683871834537855,-0.07118213377659986,-0.07440630716957602,-0.05238805214308077,0.016190682612160754,-0.03211770288359779,-0.10359493711636264,-0.09649726403303577,-0.02945594475656964,-0.12412684782015176,-0.04499828320919853,-0.1287795738848054,-0.11364827179094851,-0.0019453549585133803,-0.0019454180396301986,-0.12347968367440562,-0.001945851085192938,,-0.04260727365228599,-0.027262587641462097,-0.009686955536989426,-0.0027692934565705396,1.0,0.5913726883606096,0.41798594203314915,0.00028390270329634146,0.7051944898727112,0.4808211574136515,0.07282050143759614,0.08541821258270581,0.0934648816381859,0.09699039474458152,0.0869082562442883,0.08363014937666965,0.06915209387431649,0.09662468446779529,-0.09617995208929271,-0.07511089196436549,-0.0710038879621115,-0.033072782128681505,0.5965576848604617,-0.03671020365719428
number_of_reviews_ltm,0.00815843878117843,,0.012929357030424709,-0.07073641019681251,-0.07277472946657144,-0.055752974970370364,0.08342024424795057,0.04960642670264514,-0.07228388421536236,-0.03818409469530557,0.01927019051453335,-0.21497840225440965,-0.1151263136421567,-0.22280833631295693,-0.18421507734617595,-0.0025268330772780095,-0.0025263949657866897,-0.21185257428589216,-0.0025068183618205046,,-0.012110130469978095,0.01182614482943506,0.03503854510020344,0.025471265835034784,0.5913726883606096,1.0,0.7404496948392226,0.04930160916070038,0.8440292836551984,0.6989912671185701,0.13271529595643103,0.09142346233239416,0.08548147942382231,0.10478367273706124,0.06616587170148588,0.07872141662100611,0.04656468281718169,0.0964848406893694,-0.08884441953786376,-0.06996613298826293,-0.06322454188074908,-0.02876593945304449,0.8484071990146113,-0.034791197694022426
number_of_reviews_l30d,0.09237572421858192,,0.05683582889102736,-0.06623950286236063,-0.06795860478739998,-0.058323509462638576,0.06490383995986973,0.060615635424824156,-0.059969683344173345,-0.023018907142480435,0.027301708219940136,-0.21327211494241496,-0.12269592874457368,-0.21959976644547927,-0.18215920601062405,-0.0029620750571080216,-0.0029618636276122845,-0.21021524990139553,-0.00294549171311581,,0.012107884712957075,0.03503691155336883,0.057877357378119144,0.04733061577664598,0.41798594203314915,0.7404496948392226,1.0,0.0710103532890819,0.5487433923953535,0.5371933993926511,0.12338683758272721,0.08419141408998788,0.07749409268283215,0.09887136812034587,0.05553782376402746,0.07128416654197155,0.047148711636741905,0.09002676966744881,-0.08377968211388866,-0.06574536032855952,-0.061058304781460314,-0.027065892158807864,0.7502474998986555,-0.027688010743795257
availability_eoy,0.26705235240281544,,0.1577351258909173,0.0713289346676888,0.07787034552153167,0.02700117813935682,0.002534879067590309,0.1163055224518525,0.05315572003258651,0.02348451992917671,0.03402327695367597,-0.03715805077443671,-0.09350671328634563,-0.03616295625857097,-0.046106778725105955,-0.002920915096010804,-0.0029202916877291126,-0.03382535837545686,-0.0029179189793377153,,0.8366348115928142,0.9370221045883763,0.9769251471650927,0.7819508375582246,0.00028390270329634146,0.04930160916070038,0.0710103532890819,1.0,0.03194506544069345,0.044543504578802816,-0.024904589037422445,-0.07624802358260806,-0.08019059196071932,-0.03483706575909936,-0.0743547792869466,-0.07267563015615246,-0.07333174193284552,-0.09448362776100297,0.06631537630984904,0.06214178522062985,0.0022227269709950747,0.027531293304952933,0.1104905702144734,0.03376827706119144
number_of_reviews_ly,-0.12257768623706386,,-0.04973731703720074,-0.06778188765250885,-0.07011497424163413,-0.051441328243574926,0.06690093024901748,0.035499307602889926,-0.07261711929345038,-0.04022723817610674,0.015984884635592774,-0.18428699606281632,-0.0947066263586477,-0.1922108479572941,-0.1581059604415599,-0.0018836692133326273,-0.001883410700239944,-0.18280348838219873,-0.0018844357421830976,,-0.019738484457704406,-0.00040497428877491956,0.01926984547809177,0.009047546171152672,0.7051944898727112,0.8440292836551984,0.5487433923953535,0.03194506544069345,1.0,0.6492991662207072,0.1244349371543877,0.09952642561501504,0.09495160604641471,0.10820015343197151,0.08022718748428258,0.08599879101583272,0.058834631766565795,0.09937509314048172,-0.08802740745890295,-0.06760466864337239,-0.06824917925548167,-0.03158648327008943,0.7086939802117697,-0.03125735139877803
estimated_occupancy_l365d,-0.022344593681790238,,-0.0301376273064933,-0.10599480766616066,-0.10851675183342813,-0.05549066827433033,0.06383937283196009,0.020725475150463944,-0.10953879506814691,-0.07434822949525763,-0.0096478579466289,-0.1160719323331305,-0.12970629622877006,-0.13248246125959898,-0.11358169213048903,-0.003201626732690858,-0.0032017728413316206,-0.11785758330613846,-0.003202564180702939,,-0.06634936170706048,-0.020316585796598962,0.01807087594748025,0.053601547756742605,0.4808211574136515,0.6989912671185701,0.5371933993926511,0.044543504578802816,0.6492991662207072,1.0,0.17776956715041428,0.11847046126556543,0.1062492763603557,0.12404919649342014,0.0915827186387382,0.0962940662873453,0.05497582672141073,0.10619590287743069,-0.1106358137188399,-0.08954751423013499,-0.06922700121841943,-0.01603944625997568,0.5654764190578758,-0.060539721118961096
estimated_revenue_l365d,-0.01583034230427587,,-0.003119010014209746,0.01456474557243279,0.030654510854458084,-0.03136683494122234,-0.02135860629111596,0.06860121976874455,0.04290551559695465,0.05479309018038499,0.05595744105490294,-0.04232734683957022,0.009167920542466332,-0.04794552086035995,-0.034239878090762295,-1.2171018640106095e-05,-1.1105466185274997e-05,-0.043041977053605705,-1.2152979728326919e-05,,-0.03160986184743912,-0.03132075923556427,-0.029096136627025676,-0.02330699566996019,0.07282050143759614,0.13271529595643103,0.12338683758272721,-0.024904589037422445,0.1244349371543877,0.17776956715041428,1.0,0.024385986138367736,0.020488984711013358,0.024739664330803487,0.017217558811419075,0.016669515479283074,0.020239264802071076,0.017922306402522348,-0.020459094374101115,-0.018796000019380036,-0.027057084087078034,-0.010945843758738659,0.08835739434008417,0.2846927468457331
review_scores_rating,-0.06535050255613478,,-0.11217243251360559,-0.09014566467338987,-0.09464115769173008,0.025658109696976537,-0.03879203501497995,0.019018959565622544,0.024138860142323113,0.039798508043973044,0.029752477206331715,-0.0023914912760001094,-0.04255371519558881,-0.004358465840128151,-0.011719450011178136,-0.0025864636764917695,-0.0025868800037454954,-0.0020842894847746076,-0.002586337606739438,,-0.09386532262306274,-0.08928711965127438,-0.08082590110518803,-0.07067482081028108,0.08541821258270581,0.09142346233239416,0.08419141408998788,-0.07624802358260806,0.09952642561501504,0.11847046126556543,0.024385986138367736,1.0,0.8579599746184592,0.8034353391020165,0.7617013737330435,0.8061775303225087,0.6926335021041172,0.8592555531049396,-0.12406500475560335,-0.09233460789268857,-0.10948453899691384,-0.038312081541971944,0.09102984223970328,-0.0025959999590002554
review_scores_accuracy,-0.07754685278746865,,-0.10913999558879911,-0.06478460079409833,-0.07251735837015108,0.021419297700858302,-0.030762752730137784,0.0041293658301612855,0.0124804953245975,0.01981644540759614,0.015244790191556376,-0.00017563902153871363,-0.030798980939111622,-0.0015967976961108797,-0.005124691410999442,-0.002989276954843504,-0.002989637171067149,0.0009673130775226421,-0.002988906282137663,,-0.09774709117697214,-0.09228276614954305,-0.08399991511928659,-0.07550565923070722,0.0934648816381859,0.08548147942382231,0.07749409268283215,-0.08019059196071932,0.09495160604641471,0.1062492763603557,0.020488984711013358,0.8579599746184592,1.0,0.7803881430996352,0.7430826576273156,0.7708339701513189,0.6884384177821109,0.8296129329015204,-0.09708760839388757,-0.06853934688742301,-0.09554519772961095,-0.033596414259496714,0.08901829196762256,-0.011874460069166289
review_scores_cleanliness,-0.02409162986390875,,-0.0755089170677446,-0.051799358707677746,-0.053621115789170046,0.023001327359281527,-0.03884863650797083,0.01815592975577071,0.005232215827210489,0.02144629326150288,0.015942589745870397,-0.02288513934879435,-0.054133623151882956,-0.026202057293423935,-0.023664265431715868,0.002640751100291458,0.002640595508476468,-0.02298660553043915,0.0026404864364318456,,-0.06095976963914983,-0.05259296116166984,-0.04141710147464576,-0.031275160787690416,0.09699039474458152,0.10478367273706124,0.09887136812034587,-0.03483706575909936,0.10820015343197151,0.12404919649342014,0.024739664330803487,0.8034353391020165,0.7803881430996352,1.0,0.6543079734991774,0.6883658592159732,0.6153841015960885,0.7516467201099615,-0.0900574461083487,-0.05776619584021224,-0.1151612474748564,-0.0369522283015594,0.11627112766857818,0.011743663676773125
review_scores_checkin,-0.1042575250461436,,-0.12441435831423224,-0.10509085075243765,-0.10486402619852757,0.013534143776152419,-0.018064539769439374,0.011099795343381008,0.02091874674787114,0.0377664796242845,0.029738270726955122,0.012267811529001648,-0.020681650069855995,0.01147725277728508,-0.004156357223057094,-0.0023939198881101193,-0.002394275902040878,0.013064536934913171,-0.0023939460467209024,,-0.08537087388013802,-0.08282970595430046,-0.0766990611337377,-0.07015994847386599,0.0869082562442883,0.06616587170148588,0.05553782376402746,-0.0743547792869466,0.08022718748428258,0.0915827186387382,0.017217558811419075,0.7617013737330435,0.7430826576273156,0.6543079734991774,1.0,0.7746988912313725,0.6381146487440627,0.7248494553349105,-0.13073906552867304,-0.10756804841463817,-0.08701917914493558,-0.022854464314443677,0.060837041398570234,0.0005553875005210932
review_scores_communication,-0.07018626812995238,,-0.10312718129646867,-0.12843994502593678,-0.12824803897573195,0.020962602010551182,-0.02370872721784628,0.017896829106142258,0.018723280517035538,0.03403856200762008,0.032179909412526624,-0.0024516193040981537,-0.03616982197517821,-0.003868929080837973,-0.01438981622596528,-0.004120780005160754,-0.004121244323433714,-0.0012017062024412698,-0.004120564865659484,,-0.08572460540522098,-0.08214646100608632,-0.07562781790226701,-0.06882971136587884,0.08363014937666965,0.07872141662100611,0.07128416654197155,-0.07267563015615246,0.08599879101583272,0.0962940662873453,0.016669515479283074,0.8061775303225087,0.7708339701513189,0.6883658592159732,0.7746988912313725,1.0,0.6402956965860952,0.7623651564791224,-0.15512575038246518,-0.13383586846091763,-0.0821059324286648,-0.019991698800002993,0.08318447421049789,-0.003305646507701205
review_scores_location,-0.10520599356417434,,-0.12663834216260247,-0.050431303522453334,-0.053412031899312824,0.019692652074875878,-0.067052443398,0.012167458058527864,0.02757912481302355,0.03137520076469986,0.023105781534314897,-0.0015300957969705863,0.0027190164676703945,-0.004913477451066916,-0.002512862360948155,0.0016578410174879893,0.0016576680104034441,-0.0036535641047842154,0.0016576661515556362,,-0.07774624711026386,-0.07849770637280766,-0.07360901616487338,-0.07485763103463566,0.06915209387431649,0.04656468281718169,0.047148711636741905,-0.07333174193284552,0.058834631766565795,0.05497582672141073,0.020239264802071076,0.6926335021041172,0.6884384177821109,0.6153841015960885,0.6381146487440627,0.6402956965860952,1.0,0.6996768410645922,-0.09733671557115064,-0.05130942255380093,-0.16303344497259667,-0.033142986309760196,0.043695352948517986,0.018213885260527397
review_scores_value,-0.0627849093364542,,-0.1016175622281884,-0.1235975457796716,-0.12588370759737222,0.04221682710431336,0.0015178432508410136,0.001509617121935128,0.01494354032356436,0.026636012965043816,0.020255696573492233,-0.01867063459766777,-0.05146628052794711,-0.020773688892887648,-0.03193071710768159,-0.002888721285299346,-0.0028892108895609953,-0.01832391308964044,-0.002888791933523024,,-0.10684777543982818,-0.10433098747695974,-0.09718635664003814,-0.08950608714408444,0.09662468446779529,0.0964848406893694,0.09002676966744881,-0.09448362776100297,0.09937509314048172,0.10619590287743069,0.017922306402522348,0.8592555531049396,0.8296129329015204,0.7516467201099615,0.7248494553349105,0.7623651564791224,0.6996768410645922,1.0,-0.16542273776489597,-0.1367795785413193,-0.10536875327988991,-0.029173105405322586,0.10435449216029014,-0.010604720994961361
calculated_host_listings_count,0.10195335194054107,,0.03600092362261943,0.8636939338335977,0.7936685448973961,-0.03163633436182087,-0.04735215679255779,-0.04818256697353536,-0.013957085468620753,-0.04730180122717599,-0.07471315551642951,0.05349151202639874,0.20501614891331307,0.05505490359476042,0.32274934859445104,-0.0018189991905254435,-0.0018184818397994462,0.060804914244995574,-0.0018187348823909685,,0.05528749373725172,0.058451339540725726,0.05742688933171689,0.12488797893117591,-0.09617995208929271,-0.08884441953786376,-0.08377968211388866,0.06631537630984904,-0.08802740745890295,-0.1106358137188399,-0.020459094374101115,-0.12406500475560335,-0.09708760839388757,-0.0900574461083487,-0.13073906552867304,-0.15512575038246518,-0.09733671557115064,-0.16542273776489597,1.0,0.952219675233319,0.25905321580037816,0.11354889174986463,-0.09300044315503665,0.025297402402817547
calculated_host_listings_count_entire_homes,0.045312949569793926,,-0.054051490615576035,0.869850687959673,0.777553257668442,-0.021216434924002187,-0.05368795766770466,-0.010437580397556179,0.009283626231504628,-0.015599496896515144,-0.03438388903375238,0.04870492808601246,0.21603968112170394,0.04994368472908839,0.333979332500426,-0.0015109001501904778,-0.0015109557457076083,0.05723941006271964,-0.0015107617217509665,,0.06056778467890727,0.05776035566373549,0.055694194631518194,0.11420754878666141,-0.07511089196436549,-0.06996613298826293,-0.06574536032855952,0.06214178522062985,-0.06760466864337239,-0.08954751423013499,-0.018796000019380036,-0.09233460789268857,-0.06853934688742301,-0.05776619584021224,-0.10756804841463817,-0.13383586846091763,-0.05130942255380093,-0.1367795785413193,0.952219675233319,1.0,-0.025282580792272937,-0.005685548092484919,-0.07851630980523916,0.006937365132961478
calculated_host_listings_count_private_rooms,0.18021782794767863,,0.26552003981033256,0.008333043720284879,0.009361848080877973,-0.024732110067572286,0.014587627853788617,-0.13789063166951793,-0.07507147020841491,-0.10778166959836546,-0.13050187918669223,0.036644474540594045,-0.05320413021174236,0.03748452391300498,0.01842948147580291,-0.001071763050660476,-0.0010717462657693264,0.03341943178547457,-0.0010718179798646476,,-0.023313445158543628,-0.0070609609763236745,-0.005091385871730462,0.044981801992087136,-0.0710038879621115,-0.06322454188074908,-0.061058304781460314,0.0022227269709950747,-0.06824917925548167,-0.06922700121841943,-0.027057084087078034,-0.10948453899691384,-0.09554519772961095,-0.1151612474748564,-0.08701917914493558,-0.0821059324286648,-0.16303344497259667,-0.10536875327988991,0.25905321580037816,-0.025282580792272937,1.0,0.27225101167533866,-0.05417710915233755,-0.031768442132876745
calculated_host_listings_count_shared_rooms,0.08298797188482551,,0.1319952225719232,0.0043117931556984415,0.0013305803913845021,-0.018979888345262978,-0.00420649078687426,-0.06728470433978921,-0.0348631225149874,-0.04250985431359714,-0.05275218470916375,0.023432566041776435,-0.01746583681898568,0.024830340734505185,0.01412885919287876,-0.0005611976076622362,-0.0005612685752941517,0.02255980010593421,-0.0005611232886251046,,0.015310754739948357,0.021088734292950287,0.02344177238658367,-0.018715293253357655,-0.033072782128681505,-0.02876593945304449,-0.027065892158807864,0.027531293304952933,-0.03158648327008943,-0.01603944625997568,-0.010945843758738659,-0.038312081541971944,-0.033596414259496714,-0.0369522283015594,-0.022854464314443677,-0.019991698800002993,-0.033142986309760196,-0.029173105405322586,0.11354889174986463,-0.005685548092484919,0.27225101167533866,1.0,-0.020334677600491083,-0.01460350986155839
reviews_per_month,0.20095527376239042,,0.13240242531165994,-0.06590429430685239,-0.06803292646580733,-0.04911496887331535,0.07640651813000955,0.08206109386710117,-0.06391053787697726,-0.022129902102353195,0.02976443580671931,-0.23778273938373484,-0.1574216532113924,-0.24771832758355286,-0.2151442860331343,-0.005198985643713812,-0.005198551359333933,-0.23607058283092,-0.0051800552501582685,,0.05433754222523711,0.07518373174948127,0.09691571118964318,0.07987239615830612,0.5965576848604617,0.8484071990146113,0.7502474998986555,0.1104905702144734,0.7086939802117697,0.5654764190578758,0.08835739434008417,0.09102984223970328,0.08901829196762256,0.11627112766857818,0.060837041398570234,0.08318447421049789,0.043695352948517986,0.10435449216029014,-0.09300044315503665,-0.07851630980523916,-0.05417710915233755,-0.020334677600491083,1.0,-0.02859480750247954
price_clean,0.01212994193815617,,0.027961705138778537,0.057531416608946846,0.10445858863303953,-0.03380818337831383,-0.058219603143343436,0.16902630244542424,0.2056308333860768,0.1568669286650909,0.10551083710609045,-0.026177241782327654,0.08269947890866873,-0.025625598354302625,-0.019815168536517942,3.8943028458661205e-05,4.2302930543153e-05,-0.025762547972812824,3.954517521481574e-05,,0.037676707863505604,0.03232779619933865,0.03096957704163101,0.036078265438908755,-0.03671020365719428,-0.034791197694022426,-0.027688010743795257,0.03376827706119144,-0.03125735139877803,-0.060539721118961096,0.2846927468457331,-0.0025959999590002554,-0.011874460069166289,0.011743663676773125,0.0005553875005210932,-0.003305646507701205,0.018213885260527397,-0.010604720994961361,0.025297402402817547,0.006937365132961478,-0.031768442132876745,-0.01460350986155839,-0.02859480750247954,1.0
