,id,scrape_id,host_id,host_listings_count,host_total_listings_count,neighbourhood_group_cleansed,latitude,longitude,accommodates,bathrooms,bedrooms,beds,minimum_nights,maximum_nights,minimum_minimum_nights,maximum_minimum_nights,minimum_maximum_nights,maximum_maximum_nights,minimum_nights_avg_ntm,maximum_nights_avg_ntm,calendar_updated,availability_30,availability_60,availability_90,availability_365,number_of_reviews,number_of_reviews_ltm,number_of_reviews_l30d,availability_eoy,number_of_reviews_ly,estimated_occupancy_l365d,estimated_revenue_l365d,review_scores_rating,review_scores_accuracy,review_scores_cleanliness,review_scores_checkin,review_scores_communication,review_scores_location,review_scores_value,calculated_host_listings_count,calculated_host_listings_count_entire_homes,calculated_host_listings_count_private_rooms,calculated_host_listings_count_shared_rooms,reviews_per_month,price_clean
id,1.0,,0.4593752590027974,-0.04385783986981607,-0.04162669629811937,,0.0429496430355787,0.10093276702353296,0.09147682842934872,0.11386900599057956,0.0861858716606311,0.12368281132301248,-0.06567950004767495,-0.1943671183403152,-0.0693721314830942,-0.06522959402338331,-0.279101430068951,-0.22481862763199065,-0.06837978489964992,-0.26171145746344127,,0.11648445159618027,0.16605875874487946,0.16587931713083584,0.0689579176613928,-0.38258752684609443,-0.07279963614801087,-0.0009156691138897675,0.1632029491747038,-0.2085409993760121,-0.10723707344116035,0.03630698756319381,-0.01822272315446011,-0.05998480057590569,-0.03698431757560586,-0.04786954468204791,-0.03247674952168904,-0.014651318462221114,-0.029640470668441908,0.08220068151575753,-0.004927607462924349,0.2116019789360114,-0.030199096097676813,0.13249182224788655,0.1804399838851082
scrape_id,,,,,,,,,,,,,,,,,,,,,,,,,,,,,,,,,,,,,,,,,,,,,
host_id,0.4593752590027974,,1.0,-0.12254012713013811,-0.11791865292940472,,0.08467710502316618,0.009328400722379044,0.032126858613415125,0.02114432373027671,0.03627608489330377,0.045973545768075406,-0.047235850806330804,-0.09495142765406446,-0.09523257450625197,-0.1285694684931692,-0.1985666835839509,-0.055197074067271416,-0.0678105372590803,-0.14895044723974313,,0.08448655704764815,0.10849140404087808,0.11589062264051418,0.02567912195127372,-0.17910008144620962,0.01326033029477262,0.006862075181275683,0.11797531254429924,-0.06584855952868995,0.07150427331912168,0.1395097443483402,-0.08050461134255836,-0.10220061193351318,-0.0582001030029516,-0.09003723160381948,-0.07590712874323298,-0.06717329478924251,-0.04725290280650953,-0.0330445675943429,-0.12049384838306548,0.16251068030325777,-0.012254814267762038,0.08070336752839509,0.3723679401755141
host_listings_count,-0.04385783986981607,,-0.12254012713013811,1.0,0.9956474718798175,,-0.12858247439732323,0.19542723893995048,-0.10119392628864882,-0.04822013136300008,-0.10219689307775552,-0.13496131637507075,0.1160837631548037,0.4159384806853023,0.1259994203604825,0.8566936870646689,0.2781878549900561,0.25592706569894746,0.16223969548545047,0.2742226738054078,,-0.22841663573122695,-0.29189222735242615,-0.3030178239828611,0.05966760526936382,-0.20003716743452804,-0.22259174752454558,-0.20706296203541605,-0.2972846775410603,-0.2035247758647684,-0.3120221470780837,-0.0936996324976183,-0.2386651317003101,-0.18765074915665028,-0.16285853602866923,-0.2952441097991263,-0.371046613958521,-0.15461416004758763,-0.3497368871900963,0.8793028840911168,0.981691590466898,-0.16528792297894163,-0.011269202014367886,-0.19326555444849433,-0.055006454765380006
host_total_listings_count,-0.04162669629811937,,-0.11791865292940472,0.9956474718798175,1.0,,-0.13463562325004433,0.2048333047225123,-0.10570569798687018,-0.05467963917539173,-0.09733691578529512,-0.13788474805365464,0.12459912354273847,0.4181424565046364,0.13459096614506671,0.8521707489609054,0.2803114640383233,0.2579537273691392,0.170164115112949,0.2768677995644406,,-0.22551591971261226,-0.29062687674857207,-0.30264512798587245,0.057199873928147495,-0.2102383643737098,-0.23324418833569469,-0.21680866013484676,-0.2968376818094477,-0.21381503319139591,-0.3236330432555674,-0.09633922024137188,-0.24127314918455436,-0.1917244071031677,-0.16620873266943775,-0.295467524849211,-0.37470672633963104,-0.15107089435705068,-0.3489894199660123,0.8755792390440648,0.9747857086917922,-0.15644185400576044,-0.011914460301436931,-0.207731406089739,-0.05739913314064919
neighbourhood_group_cleansed,,,,,,,,,,,,,,,,,,,,,,,,,,,,,,,,,,,,,,,,,,,,,
latitude,0.0429496430355787,,0.08467710502316618,-0.12858247439732323,-0.13463562325004433,,1.0,-0.6934377835999781,-0.09335552790096852,-0.004979166567399734,0.03857582143547078,-0.04820995491602457,-0.00470218582653942,-0.14593252575552645,-0.03588054921075424,-0.0968438416384472,-0.1234773890534027,-0.17501729499746657,-0.01971759574892847,-0.14224269333477682,,-0.03164722437549246,-0.019343277411297894,-0.033594129835625715,-0.15898213845965564,-0.010567657166091636,-0.012449272222601934,0.01552990438067762,-0.03715200811648892,-0.010249375319941344,0.06824448076916416,-0.042461740247531916,-0.02664910353419433,-0.041358646569360655,0.002650957829565202,0.03583938971696426,0.009514069484654239,-0.06285127122147914,0.0008259492546029106,-0.024713166690062193,-0.12970165699682512,0.30090622666150085,-0.013322742390300903,-0.02489808354990369,-0.10592327509975133
longitude,0.10093276702353296,,0.009328400722379044,0.19542723893995048,0.2048333047225123,,-0.6934377835999781,1.0,0.06587192287064476,0.06175385967444938,-0.06941610684176336,0.0052045574927886635,-0.01781501216985585,0.1524681636379111,0.018105757685635007,0.10840762973582516,0.09698945614792957,0.1774934544135969,-0.005069462831046711,0.11518656924946133,,0.03892579807009481,0.04287974633514968,0.0519869251689407,0.1728277755400913,-0.07470655466342548,-0.027378598554318945,-0.05019144333598404,0.054184830848501,-0.059057942884561385,-0.1418657174236441,0.06470640379652193,-0.029057330341301906,-0.03032084707955366,-0.040553019916886215,-0.0606712568081074,-0.0568035936783054,0.01363191197760284,-0.08389346835995178,0.1640537618786598,0.2142384195272543,-0.16462331989265833,-0.005665397850046291,0.027225921350644434,0.2575584203767541
accommodates,0.09147682842934872,,0.032126858613415125,-0.10119392628864882,-0.10570569798687018,,-0.09335552790096852,0.06587192287064476,1.0,0.5630187119313094,0.7608083112027124,0.8276248585985604,-0.12443705746762586,0.004496398696105253,-0.11271923705403077,-0.10854898399129308,0.07296889502482623,0.07833786559764498,-0.11577173081130039,0.07227148680860095,,0.1193215179931294,0.1593553625132179,0.14690534010895212,0.056515580574240554,-0.007463285989956594,0.0411797428261982,0.08070411495198224,0.14403637021549573,-0.005570133156143981,-0.008097029968692786,0.08446291172184364,0.09408301895580252,0.08002384944092349,0.1522459386698351,0.03876215216563428,0.052869824787225544,0.03794077434742787,0.09327407271865709,-0.13150725445005776,-0.0734589861110891,-0.17806683974851106,-0.026621536458573798,0.111198275157012,0.03985526751951781
bathrooms,0.11386900599057956,,0.02114432373027671,-0.04822013136300008,-0.05467963917539173,,-0.004979166567399734,0.06175385967444938,0.5630187119313094,1.0,0.47003403557442897,0.528386732592566,-0.06104028183846736,0.06523164546693004,-0.05206813509890302,-0.049149900189898794,0.09988884144186992,0.06912768025888608,-0.05174524781343953,0.09114024711617003,,0.056284943789709524,0.06860630874049616,0.057646094776510566,0.03880840664483504,-0.06889021789746713,-0.02906124731940793,0.00586351060799848,0.05656153160595269,-0.057662271445145886,-0.0005922650065814381,0.026320991922771382,0.01701074531262517,0.038191324365896964,0.02821488243904692,0.0397127306947168,0.020626131241698275,0.03387002644863901,0.038177654992173626,-0.08976124227167277,-0.04410780118061386,-0.1295843187673557,,0.04018237325413967,-0.0577187744231614
bedrooms,0.0861858716606311,,0.03627608489330377,-0.10219689307775552,-0.09733691578529512,,0.03857582143547078,-0.06941610684176336,0.7608083112027124,0.47003403557442897,1.0,0.7487419219555694,-0.01966499238344356,-0.027137990131799083,-0.004053455672421243,-0.0954610515878004,-0.003278690755112063,-0.034149024337057854,-0.017707199088089702,-0.014218812188099773,,-0.01707366734886497,-0.013317253746783931,-0.03391170875306162,-0.11307248261614555,-0.05986349534029438,-0.04273319741790332,-0.017566844264550765,-0.03650011231429102,-0.062185410490418966,-0.07877631939501165,0.057831406286447964,0.046405294419814946,0.028898386920573647,0.07543256336557594,0.05514121462208998,0.05056455594322625,0.012223061556114271,0.059388884744770574,-0.07950226000902796,-0.08514781580225653,0.02581712663087336,,0.01794912108313568,-0.04178356189461178
beds,0.12368281132301248,,0.045973545768075406,-0.13496131637507075,-0.13788474805365464,,-0.04820995491602457,0.0052045574927886635,0.8276248585985604,0.528386732592566,0.7487419219555694,1.0,-0.12223095057896502,-0.06201544146872272,-0.1016943424330256,-0.14884361503824758,0.11552875632980295,0.05115467813698323,-0.11673302077134168,0.10446301716165748,,0.11972331810459126,0.13675290499637585,0.11874385319295266,-0.04233645128893622,-0.0050842978248124004,0.031901607686946255,0.0413767020698906,0.11689223503185044,-0.00895814203144907,-0.001633332310186907,0.03944682499680697,0.08614776592821605,0.07141252550489627,0.1329131344673197,0.05580504632318878,0.060195389197651196,0.046124168881280396,0.09128863116016893,-0.11491859686272714,-0.0850672638788106,-0.05474243927376486,,0.09553556721181312,-0.17689469714722508
minimum_nights,-0.06567950004767495,,-0.047235850806330804,0.1160837631548037,0.12459912354273847,,-0.00470218582653942,-0.01781501216985585,-0.12443705746762586,-0.06104028183846736,-0.01966499238344356,-0.12223095057896502,1.0,0.20395704113247362,0.9661952530332307,0.42218129721086417,0.14380971824687003,0.10408655803003657,0.9867291761324121,0.13156997604689377,,0.02814354819518604,-0.054304667984136114,-0.07478905334189381,0.02178607348651448,-0.22722026805376336,-0.2745930134028153,-0.24999094060449753,-0.07504808158410503,-0.2515381455114134,-0.1851938593017477,-0.10963632015726872,-0.06721423883312717,-0.06897512840723513,-0.11672860500359943,-0.04026860805563924,-0.05258270591161505,-0.031608383196066694,-0.08882467560292623,0.10192123859069258,0.11210142288619228,0.0016412406108926247,0.05528707373515556,-0.26660414233657775,-0.11055364247479305
maximum_nights,-0.1943671183403152,,-0.09495142765406446,0.4159384806853023,0.4181424565046364,,-0.14593252575552645,0.1524681636379111,0.004496398696105253,0.06523164546693004,-0.027137990131799083,-0.06201544146872272,0.20395704113247362,1.0,0.2072132118882716,0.4109734723186246,0.7241708124877047,0.7851791858091947,0.22708925319562195,0.7416970805535654,,-0.07135643043214651,-0.13202997985816076,-0.14463474739292173,0.09314018518883106,-0.1345379555654872,-0.20540949281317677,-0.17464708195413975,-0.14057515557229375,-0.18954464184497027,-0.23544800773043953,0.004973819415372708,-0.1203245088061764,-0.05808972084805596,-0.08579363408848188,-0.10776026108166416,-0.15191296364939436,-0.05611349751752575,-0.15965446134491748,0.3381302053212291,0.3922274812421547,-0.13945681544291416,0.029954567224032794,-0.1815319778514163,0.16792383411993425
minimum_minimum_nights,-0.0693721314830942,,-0.09523257450625197,0.1259994203604825,0.13459096614506671,,-0.03588054921075424,0.018105757685635007,-0.11271923705403077,-0.05206813509890302,-0.004053455672421243,-0.1016943424330256,0.9661952530332307,0.2072132118882716,1.0,0.4243707493865237,0.14729409853669387,0.11324629366079982,0.9719320798020032,0.13631119215257625,,0.032163292596630415,-0.0707043819261294,-0.10262026744021063,0.0005132317367064015,-0.2119074486435813,-0.26894207877234166,-0.2534665768203829,-0.10447438750309841,-0.23299415935330053,-0.2708700620508649,-0.11191381602970628,-0.052933604988464916,-0.0566669414551628,-0.1040423935176428,-0.03933496386570908,-0.05534213841910395,-0.028766105806716118,-0.08590157601257788,0.09049331723099277,0.11930137023987371,-0.05273056809777254,0.05737840186504075,-0.24523468821919503,-0.08762252496382898
maximum_minimum_nights,-0.06522959402338331,,-0.1285694684931692,0.8566936870646689,0.8521707489609054,,-0.0968438416384472,0.10840762973582516,-0.10854898399129308,-0.049149900189898794,-0.0954610515878004,-0.14884361503824758,0.42218129721086417,0.4109734723186246,0.4243707493865237,1.0,0.28443886419879516,0.2524271546457196,0.47736340383902237,0.27594664243779105,,-0.17011143708913534,-0.25322540038238633,-0.2663484699171907,0.12090469174325573,-0.229320265182909,-0.26419999863988397,-0.24597412545724107,-0.2600300939519523,-0.24004956041785847,-0.31347012092333926,-0.11152185969937745,-0.23707162925703193,-0.19595557250619172,-0.18710131171797603,-0.28161498731872825,-0.33508439929147527,-0.15989976264345368,-0.3268729234982944,0.7387444115839822,0.8393768786830152,-0.1730350123329172,0.009788341948829367,-0.2614249445294899,-0.07704615411832591
minimum_maximum_nights,-0.279101430068951,,-0.1985666835839509,0.2781878549900561,0.2803114640383233,,-0.1234773890534027,0.09698945614792957,0.07296889502482623,0.09988884144186992,-0.003278690755112063,0.11552875632980295,0.14380971824687003,0.7241708124877047,0.14729409853669387,0.28443886419879516,1.0,0.9307198412513789,0.1608796555286399,0.9861223928481234,,-0.05632635367598045,-0.08411988830465653,-0.09161382826969802,0.06978323029144722,0.022198822248788136,-0.059098150437406564,-0.0498100412708773,-0.08777592185541422,-0.02317991982741237,-0.0719381757212877,-0.06738675385921429,-0.027819545146231278,0.011543944514273057,-0.007356757941692764,-0.028486058155786025,-0.053415572863808616,0.007708770415457266,-0.06498431928204602,0.18588955126482384,0.27162083836064443,-0.17901130220099148,0.02590641009131562,-0.05612917332437872,-0.1623494470296611
maximum_maximum_nights,-0.22481862763199065,,-0.055197074067271416,0.25592706569894746,0.2579537273691392,,-0.17501729499746657,0.1774934544135969,0.07833786559764498,0.06912768025888608,-0.034149024337057854,0.05115467813698323,0.10408655803003657,0.7851791858091947,0.11324629366079982,0.2524271546457196,0.9307198412513789,1.0,0.12026241548209507,0.9621857151163549,,0.020232762195937306,-0.013669668955486568,-0.028119097870336694,0.10596003950646014,0.0012784215550762604,-0.06822744052526088,-0.06408385617533773,-0.02484192198324332,-0.0437727451769655,-0.10867808672447306,0.03455594328542993,-0.054504555407328785,-0.016157373960992216,-0.017914102489187393,-0.07042118334470478,-0.087469270920482,-0.015342662218559025,-0.09301234898235668,0.1628294713369719,0.24053682186511552,-0.21749189919702544,0.024344842595236827,-0.058000965647994215,0.13157488667526512
minimum_nights_avg_ntm,-0.06837978489964992,,-0.0678105372590803,0.16223969548545047,0.170164115112949,,-0.01971759574892847,-0.005069462831046711,-0.11577173081130039,-0.05174524781343953,-0.017707199088089702,-0.11673302077134168,0.9867291761324121,0.22708925319562195,0.9719320798020032,0.47736340383902237,0.1608796555286399,0.12026241548209507,1.0,0.14783658743269387,,0.017891316411635393,-0.07096170019077433,-0.09402959225850689,0.03302376207710393,-0.2372825694291823,-0.28664592470020167,-0.26278680481171024,-0.09393780040735125,-0.26001933386075193,-0.22247451162022427,-0.11881424420716975,-0.06927800327111552,-0.06962020866983011,-0.1125957548294659,-0.051194791275101716,-0.06622521450476235,-0.03764783017111282,-0.0962297582697013,0.13444012823290602,0.15627253803982583,-0.02580130778005804,0.05430536409858523,-0.27759201819293405,-0.11209241027026744
maximum_nights_avg_ntm,-0.26171145746344127,,-0.14895044723974313,0.2742226738054078,0.2768677995644406,,-0.14224269333477682,0.11518656924946133,0.07227148680860095,0.09114024711617003,-0.014218812188099773,0.10446301716165748,0.13156997604689377,0.7416970805535654,0.13631119215257625,0.27594664243779105,0.9861223928481234,0.9621857151163549,0.14783658743269387,1.0,,-0.02906611151902858,-0.06639830140697238,-0.07901741319254527,0.06423289767951414,0.014067159753528454,-0.06020291857412053,-0.05097873731767083,-0.07573305248295556,-0.03220884498424549,-0.08421133087852109,-0.049471000117800486,-0.04090057310646411,-0.00030104651513603476,-0.014864172550147272,-0.04453411488345983,-0.07408792287668214,-0.005848806263493204,-0.07647645875509225,0.1759204540817278,0.2636705689315782,-0.1945516764044832,0.025619389068017025,-0.051803873006500564,-0.11481410867509531
calendar_updated,,,,,,,,,,,,,,,,,,,,,,,,,,,,,,,,,,,,,,,,,,,,,
availability_30,0.11648445159618027,,0.08448655704764815,-0.22841663573122695,-0.22551591971261226,,-0.03164722437549246,0.03892579807009481,0.1193215179931294,0.056284943789709524,-0.01707366734886497,0.11972331810459126,0.02814354819518604,-0.07135643043214651,0.032163292596630415,-0.17011143708913534,-0.05632635367598045,0.020232762195937306,0.017891316411635393,-0.02906611151902858,,1.0,0.8744582661922492,0.769802898101804,0.3171515899669777,-0.019749751075844906,0.0568408541015218,0.052048946313082455,0.7554395614288603,-0.0112824078272529,-0.007636877662565597,0.05700913114645091,-0.01717408626554033,-0.012260069667388568,0.00868986847031535,-0.06348495540430062,-0.01155443744137992,-0.0038384972508034025,-0.03684652519149838,-0.22573941525284907,-0.21901667098305844,-0.07177442880446655,-0.02052116019131189,0.0869018538205928,0.1221007574339926
availability_60,0.16605875874487946,,0.10849140404087808,-0.29189222735242615,-0.29062687674857207,,-0.019343277411297894,0.04287974633514968,0.1593553625132179,0.06860630874049616,-0.013317253746783931,0.13675290499637585,-0.054304667984136114,-0.13202997985816076,-0.0707043819261294,-0.25322540038238633,-0.08411988830465653,-0.013669668955486568,-0.07096170019077433,-0.06639830140697238,,0.8744582661922492,1.0,0.9606935558411517,0.4552100927249184,0.04109339892724772,0.17150809841115564,0.18039792467558483,0.9509168289990446,0.09410380516132415,0.142079622896488,0.08431178968248071,-0.01823376807930383,-0.02175455459977084,0.005510188433607882,-0.03890965336912963,0.012332999829252815,-0.009096066829639532,-0.01913059836865542,-0.26534552848042015,-0.27533507202173735,-0.035226637182959424,-0.027190884398395843,0.19336840163377536,0.14057081784598113
availability_90,0.16587931713083584,,0.11589062264051418,-0.3030178239828611,-0.30264512798587245,,-0.033594129835625715,0.0519869251689407,0.14690534010895212,0.057646094776510566,-0.03391170875306162,0.11874385319295266,-0.07478905334189381,-0.14463474739292173,-0.10262026744021063,-0.2663484699171907,-0.09161382826969802,-0.028119097870336694,-0.09402959225850689,-0.07901741319254527,,0.769802898101804,0.9606935558411517,1.0,0.535519141331656,0.08366801991786478,0.22621726577365564,0.23084208635970124,0.9984842335655917,0.1513638971597427,0.22401104611650088,0.08804483809345078,-0.0016370702304456446,-0.0056057506447208475,0.019142680528393567,-0.026497904369766723,0.037082778073882286,-0.0038555180532347196,0.002899944531990068,-0.27537877374644765,-0.2870073233587938,-0.03067513724026162,-0.03201893498763561,0.23683927041136918,0.1334636533651575
availability_365,0.0689579176613928,,0.02567912195127372,0.05966760526936382,0.057199873928147495,,-0.15898213845965564,0.1728277755400913,0.056515580574240554,0.03880840664483504,-0.11307248261614555,-0.04233645128893622,0.02178607348651448,0.09314018518883106,0.0005132317367064015,0.12090469174325573,0.06978323029144722,0.10596003950646014,0.03302376207710393,0.06423289767951414,,0.3171515899669777,0.4552100927249184,0.535519141331656,1.0,0.0329182501022117,0.10088309716146825,0.0956868261142849,0.5578641268069513,0.09222073083259079,0.1793933916675107,0.029392632312842313,-0.0784574299093692,-0.08303609509587566,-0.07105852218130929,-0.08708813124237448,-0.039046351838005436,-0.061252710811410004,-0.08235066294366812,0.043651024815950394,0.06884187598101003,-0.09196562555072528,-0.040191720347213335,0.09798055903068172,0.12828603086086343
number_of_reviews,-0.38258752684609443,,-0.17910008144620962,-0.20003716743452804,-0.2102383643737098,,-0.010567657166091636,-0.07470655466342548,-0.007463285989956594,-0.06889021789746713,-0.05986349534029438,-0.0050842978248124004,-0.22722026805376336,-0.1345379555654872,-0.2119074486435813,-0.229320265182909,0.022198822248788136,0.0012784215550762604,-0.2372825694291823,0.014067159753528454,,-0.019749751075844906,0.04109339892724772,0.08366801991786478,0.0329182501022117,1.0,0.6583035415085167,0.49105751456477365,0.08473986747775573,0.7588453819867087,0.48198562548979385,0.07592006578876985,0.08411685079971613,0.10838335627025035,0.10684724336122339,0.09852295674945893,0.10998414427416701,0.03453364215622841,0.13667686581744012,-0.27188061506027505,-0.22202312280544606,-0.1522817131074526,-0.013230615756273673,0.588822428309595,-0.0826340009679762
number_of_reviews_ltm,-0.07279963614801087,,0.01326033029477262,-0.22259174752454558,-0.23324418833569469,,-0.012449272222601934,-0.027378598554318945,0.0411797428261982,-0.02906124731940793,-0.04273319741790332,0.031901607686946255,-0.2745930134028153,-0.20540949281317677,-0.26894207877234166,-0.26419999863988397,-0.059098150437406564,-0.06822744052526088,-0.28664592470020167,-0.06020291857412053,,0.0568408541015218,0.17150809841115564,0.22621726577365564,0.10088309716146825,0.6583035415085167,1.0,0.7645402414597988,0.22679512597565893,0.8058921396431543,0.6881864731140944,0.12900345724714046,0.07604338773201272,0.08570381168287444,0.09963140126414856,0.08673974839113412,0.09514078397702078,0.01836907554555918,0.13065014989591897,-0.2687902946264665,-0.23991847104149142,-0.09400515687002899,-0.015261660858347497,0.884585334312906,-0.09482622583258239
number_of_reviews_l30d,-0.0009156691138897675,,0.006862075181275683,-0.20706296203541605,-0.21680866013484676,,0.01552990438067762,-0.05019144333598404,0.08070411495198224,0.00586351060799848,-0.017566844264550765,0.0413767020698906,-0.24999094060449753,-0.17464708195413975,-0.2534665768203829,-0.24597412545724107,-0.0498100412708773,-0.06408385617533773,-0.26278680481171024,-0.05097873731767083,,0.052048946313082455,0.18039792467558483,0.23084208635970124,0.0956868261142849,0.49105751456477365,0.7645402414597988,1.0,0.231459897550383,0.5825530870125963,0.5477226269406262,0.10773071690112448,0.08896435377222206,0.08684845546124395,0.10324215900251693,0.09147818393534311,0.10399061166282718,0.03205722210577621,0.13112417855933475,-0.2481460846247348,-0.22685362477361742,-0.07337348758809306,-0.014206828415587998,0.7271703542508227,-0.08576679984250575
availability_eoy,0.1632029491747038,,0.11797531254429924,-0.2972846775410603,-0.2968376818094477,,-0.03715200811648892,0.054184830848501,0.14403637021549573,0.05656153160595269,-0.03650011231429102,0.11689223503185044,-0.07504808158410503,-0.14057515557229375,-0.10447438750309841,-0.2600300939519523,-0.08777592185541422,-0.02484192198324332,-0.09393780040735125,-0.07573305248295556,,0.7554395614288603,0.9509168289990446,0.9984842335655917,0.5578641268069513,0.08473986747775573,0.22679512597565893,0.231459897550383,1.0,0.15323766150722143,0.23161826216478618,0.08806691790974758,-0.0008609482942076422,-0.005868519924210915,0.020630605279785726,-0.028354535672299685,0.039164260133235505,-0.004903093792539296,0.002764278173728685,-0.2705878299932477,-0.28180551895030226,-0.031277284162256044,-0.03289649866137869,0.23443382428990905,0.13364071613040582
number_of_reviews_ly,-0.2085409993760121,,-0.06584855952868995,-0.2035247758647684,-0.21381503319139591,,-0.010249375319941344,-0.059057942884561385,-0.005570133156143981,-0.057662271445145886,-0.062185410490418966,-0.00895814203144907,-0.2515381455114134,-0.18954464184497027,-0.23299415935330053,-0.24004956041785847,-0.02317991982741237,-0.0437727451769655,-0.26001933386075193,-0.03220884498424549,,-0.0112824078272529,0.09410380516132415,0.1513638971597427,0.09222073083259079,0.7588453819867087,0.8058921396431543,0.5825530870125963,0.15323766150722143,1.0,0.610137839407548,0.10228440749780422,0.07235592316854299,0.08178382808697383,0.09704424574329518,0.08466446678771823,0.09216256435201164,0.02380349903898992,0.12046937372824314,-0.25426747003120337,-0.22123441644737138,-0.10516387723194105,-0.013953214898578174,0.6726802160240365,-0.08442201691913508
estimated_occupancy_l365d,-0.10723707344116035,,0.07150427331912168,-0.3120221470780837,-0.3236330432555674,,0.06824448076916416,-0.1418657174236441,-0.008097029968692786,-0.0005922650065814381,-0.07877631939501165,-0.001633332310186907,-0.1851938593017477,-0.23544800773043953,-0.2708700620508649,-0.31347012092333926,-0.0719381757212877,-0.10867808672447306,-0.22247451162022427,-0.08421133087852109,,-0.007636877662565597,0.142079622896488,0.22401104611650088,0.1793933916675107,0.48198562548979385,0.6881864731140944,0.5477226269406262,0.23161826216478618,0.610137839407548,1.0,0.141659517518655,0.05820125684390407,0.0520463685039599,0.04034845441280652,0.1116443137658912,0.12910832970376987,0.04395878294224937,0.12740586581313462,-0.29671198126008036,-0.32156564441948865,0.05698543474130744,-0.023750257962493696,0.5214504409101207,-0.15996499051353857
estimated_revenue_l365d,0.03630698756319381,,0.1395097443483402,-0.0936996324976183,-0.09633922024137188,,-0.042461740247531916,0.06470640379652193,0.08446291172184364,0.026320991922771382,0.057831406286447964,0.03944682499680697,-0.10963632015726872,0.004973819415372708,-0.11191381602970628,-0.11152185969937745,-0.06738675385921429,0.03455594328542993,-0.11881424420716975,-0.049471000117800486,,0.05700913114645091,0.08431178968248071,0.08804483809345078,0.029392632312842313,0.07592006578876985,0.12900345724714046,0.10773071690112448,0.08806691790974758,0.10228440749780422,0.141659517518655,1.0,0.023471489468466094,0.01677581610296994,0.035759790550791946,-0.015317227622766756,0.019854577691070473,0.04396027614860189,0.025848742450471366,-0.08766338783662087,-0.09763060072131849,-0.05065659625498165,,0.07167195934169518,0.3812936458199063
review_scores_rating,-0.01822272315446011,,-0.08050461134255836,-0.2386651317003101,-0.24127314918455436,,-0.02664910353419433,-0.029057330341301906,0.09408301895580252,0.01701074531262517,0.046405294419814946,0.08614776592821605,-0.06721423883312717,-0.1203245088061764,-0.052933604988464916,-0.23707162925703193,-0.027819545146231278,-0.054504555407328785,-0.06927800327111552,-0.04090057310646411,,-0.01717408626554033,-0.01823376807930383,-0.0016370702304456446,-0.0784574299093692,0.08411685079971613,0.07604338773201272,0.08896435377222206,-0.0008609482942076422,0.07235592316854299,0.05820125684390407,0.023471489468466094,1.0,0.8366246043670265,0.7936054515003432,0.5394603443406681,0.7829523647015307,0.7363787387495271,0.7894708994170391,-0.23832430680735753,-0.22855922626627612,-0.07825699928143988,0.017959884810002127,0.06946109142558264,-0.06439153677291891
review_scores_accuracy,-0.05998480057590569,,-0.10220061193351318,-0.18765074915665028,-0.1917244071031677,,-0.041358646569360655,-0.03032084707955366,0.08002384944092349,0.038191324365896964,0.028898386920573647,0.07141252550489627,-0.06897512840723513,-0.05808972084805596,-0.0566669414551628,-0.19595557250619172,0.011543944514273057,-0.016157373960992216,-0.06962020866983011,-0.00030104651513603476,,-0.012260069667388568,-0.02175455459977084,-0.0056057506447208475,-0.08303609509587566,0.10838335627025035,0.08570381168287444,0.08684845546124395,-0.005868519924210915,0.08178382808697383,0.0520463685039599,0.01677581610296994,0.8366246043670265,1.0,0.694307432858635,0.4976643782885872,0.6645974548006582,0.738659435840666,0.7147667249924275,-0.23484738904983007,-0.1954883702884234,-0.13611266854886414,0.017028506831313735,0.07715122092748047,-0.07846023709945174
review_scores_cleanliness,-0.03698431757560586,,-0.0582001030029516,-0.16285853602866923,-0.16620873266943775,,0.002650957829565202,-0.040553019916886215,0.1522459386698351,0.02821488243904692,0.07543256336557594,0.1329131344673197,-0.11672860500359943,-0.08579363408848188,-0.1040423935176428,-0.18710131171797603,-0.007356757941692764,-0.017914102489187393,-0.1125957548294659,-0.014864172550147272,,0.00868986847031535,0.005510188433607882,0.019142680528393567,-0.07105852218130929,0.10684724336122339,0.09963140126414856,0.10324215900251693,0.020630605279785726,0.09704424574329518,0.04034845441280652,0.035759790550791946,0.7936054515003432,0.694307432858635,1.0,0.47539852757430856,0.6415018760153651,0.5986611246145134,0.6693782137286495,-0.1914572548031442,-0.157263699055985,-0.12201698866616936,0.0191469180498485,0.09232456501833586,-0.016778442419519392
review_scores_checkin,-0.04786954468204791,,-0.09003723160381948,-0.2952441097991263,-0.295467524849211,,0.03583938971696426,-0.0606712568081074,0.03876215216563428,0.0397127306947168,0.05514121462208998,0.05580504632318878,-0.04026860805563924,-0.10776026108166416,-0.03933496386570908,-0.28161498731872825,-0.028486058155786025,-0.07042118334470478,-0.051194791275101716,-0.04453411488345983,,-0.06348495540430062,-0.03890965336912963,-0.026497904369766723,-0.08708813124237448,0.09852295674945893,0.08673974839113412,0.09147818393534311,-0.028354535672299685,0.08466446678771823,0.1116443137658912,-0.015317227622766756,0.5394603443406681,0.4976643782885872,0.47539852757430856,1.0,0.6178040069218655,0.42482160091605603,0.4932471902039637,-0.2718599655162652,-0.2941563690512861,-0.010640467267731801,0.013387723609555955,0.08430588295748752,-0.13766042141893514
review_scores_communication,-0.03247674952168904,,-0.07590712874323298,-0.371046613958521,-0.37470672633963104,,0.009514069484654239,-0.0568035936783054,0.052869824787225544,0.020626131241698275,0.05056455594322625,0.060195389197651196,-0.05258270591161505,-0.15191296364939436,-0.05534213841910395,-0.33508439929147527,-0.053415572863808616,-0.087469270920482,-0.06622521450476235,-0.07408792287668214,,-0.01155443744137992,0.012332999829252815,0.037082778073882286,-0.039046351838005436,0.10998414427416701,0.09514078397702078,0.10399061166282718,0.039164260133235505,0.09216256435201164,0.12910832970376987,0.019854577691070473,0.7829523647015307,0.6645974548006582,0.6415018760153651,0.6178040069218655,1.0,0.5853484502635322,0.6870230647237603,-0.32411587478093384,-0.36551796522846414,0.0036559287707647,0.013265348466391106,0.0966951254404834,-0.045552134746829495
review_scores_location,-0.014651318462221114,,-0.06717329478924251,-0.15461416004758763,-0.15107089435705068,,-0.06285127122147914,0.01363191197760284,0.03794077434742787,0.03387002644863901,0.012223061556114271,0.046124168881280396,-0.031608383196066694,-0.05611349751752575,-0.028766105806716118,-0.15989976264345368,0.007708770415457266,-0.015342662218559025,-0.03764783017111282,-0.005848806263493204,,-0.0038384972508034025,-0.009096066829639532,-0.0038555180532347196,-0.061252710811410004,0.03453364215622841,0.01836907554555918,0.03205722210577621,-0.004903093792539296,0.02380349903898992,0.04395878294224937,0.04396027614860189,0.7363787387495271,0.738659435840666,0.5986611246145134,0.42482160091605603,0.5853484502635322,1.0,0.6618358363970583,-0.14900408042501298,-0.14820610293845332,-0.037221689547295045,0.014165620376884373,0.0017467403208862701,-0.04499708267215969
review_scores_value,-0.029640470668441908,,-0.04725290280650953,-0.3497368871900963,-0.3489894199660123,,0.0008259492546029106,-0.08389346835995178,0.09327407271865709,0.038177654992173626,0.059388884744770574,0.09128863116016893,-0.08882467560292623,-0.15965446134491748,-0.08590157601257788,-0.3268729234982944,-0.06498431928204602,-0.09301234898235668,-0.0962297582697013,-0.07647645875509225,,-0.03684652519149838,-0.01913059836865542,0.002899944531990068,-0.08235066294366812,0.13667686581744012,0.13065014989591897,0.13112417855933475,0.002764278173728685,0.12046937372824314,0.12740586581313462,0.025848742450471366,0.7894708994170391,0.7147667249924275,0.6693782137286495,0.4932471902039637,0.6870230647237603,0.6618358363970583,1.0,-0.32515678412230065,-0.34463968923681554,-0.03741470597958045,0.024968514618726515,0.13332288634254832,-0.08709507919098378
calculated_host_listings_count,0.08220068151575753,,-0.0330445675943429,0.8793028840911168,0.8755792390440648,,-0.024713166690062193,0.1640537618786598,-0.13150725445005776,-0.08976124227167277,-0.07950226000902796,-0.11491859686272714,0.10192123859069258,0.3381302053212291,0.09049331723099277,0.7387444115839822,0.18588955126482384,0.1628294713369719,0.13444012823290602,0.1759204540817278,,-0.22573941525284907,-0.26534552848042015,-0.27537877374644765,0.043651024815950394,-0.27188061506027505,-0.2687902946264665,-0.2481460846247348,-0.2705878299932477,-0.25426747003120337,-0.29671198126008036,-0.08766338783662087,-0.23832430680735753,-0.23484738904983007,-0.1914572548031442,-0.2718599655162652,-0.32411587478093384,-0.14900408042501298,-0.32515678412230065,1.0,0.9349024179966052,0.29608301062528725,-0.01805559404051935,-0.26340946876531984,-0.022554262714790357
calculated_host_listings_count_entire_homes,-0.004927607462924349,,-0.12049384838306548,0.981691590466898,0.9747857086917922,,-0.12970165699682512,0.2142384195272543,-0.0734589861110891,-0.04410780118061386,-0.08514781580225653,-0.0850672638788106,0.11210142288619228,0.3922274812421547,0.11930137023987371,0.8393768786830152,0.27162083836064443,0.24053682186511552,0.15627253803982583,0.2636705689315782,,-0.21901667098305844,-0.27533507202173735,-0.2870073233587938,0.06884187598101003,-0.22202312280544606,-0.23991847104149142,-0.22685362477361742,-0.28180551895030226,-0.22123441644737138,-0.32156564441948865,-0.09763060072131849,-0.22855922626627612,-0.1954883702884234,-0.157263699055985,-0.2941563690512861,-0.36551796522846414,-0.14820610293845332,-0.34463968923681554,0.9349024179966052,1.0,-0.05501222564924142,-0.013572126581623798,-0.21902363019361348,-0.07049750915356601
calculated_host_listings_count_private_rooms,0.2116019789360114,,0.16251068030325777,-0.16528792297894163,-0.15644185400576044,,0.30090622666150085,-0.16462331989265833,-0.17806683974851106,-0.1295843187673557,0.02581712663087336,-0.05474243927376486,0.0016412406108926247,-0.13945681544291416,-0.05273056809777254,-0.1730350123329172,-0.17901130220099148,-0.21749189919702544,-0.02580130778005804,-0.1945516764044832,,-0.07177442880446655,-0.035226637182959424,-0.03067513724026162,-0.09196562555072528,-0.1522817131074526,-0.09400515687002899,-0.07337348758809306,-0.031277284162256044,-0.10516387723194105,0.05698543474130744,-0.05065659625498165,-0.07825699928143988,-0.13611266854886414,-0.12201698866616936,-0.010640467267731801,0.0036559287707647,-0.037221689547295045,-0.03741470597958045,0.29608301062528725,-0.05501222564924142,1.0,-0.014769384012564332,-0.15238860198250018,-0.08691979514679458
calculated_host_listings_count_shared_rooms,-0.030199096097676813,,-0.012254814267762038,-0.011269202014367886,-0.011914460301436931,,-0.013322742390300903,-0.005665397850046291,-0.026621536458573798,,,,0.05528707373515556,0.029954567224032794,0.05737840186504075,0.009788341948829367,0.02590641009131562,0.024344842595236827,0.05430536409858523,0.025619389068017025,,-0.02052116019131189,-0.027190884398395843,-0.03201893498763561,-0.040191720347213335,-0.013230615756273673,-0.015261660858347497,-0.014206828415587998,-0.03289649866137869,-0.013953214898578174,-0.023750257962493696,,0.017959884810002127,0.017028506831313735,0.0191469180498485,0.013387723609555955,0.013265348466391106,0.014165620376884373,0.024968514618726515,-0.01805559404051935,-0.013572126581623798,-0.014769384012564332,1.0,-0.024825846052256403,
reviews_per_month,0.13249182224788655,,0.08070336752839509,-0.19326555444849433,-0.207731406089739,,-0.02489808354990369,0.027225921350644434,0.111198275157012,0.04018237325413967,0.01794912108313568,0.09553556721181312,-0.26660414233657775,-0.1815319778514163,-0.24523468821919503,-0.2614249445294899,-0.05612917332437872,-0.058000965647994215,-0.27759201819293405,-0.051803873006500564,,0.0869018538205928,0.19336840163377536,0.23683927041136918,0.09798055903068172,0.588822428309595,0.884585334312906,0.7271703542508227,0.23443382428990905,0.6726802160240365,0.5214504409101207,0.07167195934169518,0.06946109142558264,0.07715122092748047,0.09232456501833586,0.08430588295748752,0.0966951254404834,0.0017467403208862701,0.13332288634254832,-0.26340946876531984,-0.21902363019361348,-0.15238860198250018,-0.024825846052256403,1.0,-0.08596858556400559
price_clean,0.1804399838851082,,0.3723679401755141,-0.055006454765380006,-0.05739913314064919,,-0.10592327509975133,0.2575584203767541,0.03985526751951781,-0.0577187744231614,-0.04178356189461178,-0.17689469714722508,-0.11055364247479305,0.16792383411993425,-0.08762252496382898,-0.07704615411832591,-0.1623494470296611,0.13157488667526512,-0.11209241027026744,-0.11481410867509531,,0.1221007574339926,0.14057081784598113,0.1334636533651575,0.12828603086086343,-0.0826340009679762,-0.09482622583258239,-0.08576679984250575,0.13364071613040582,-0.08442201691913508,-0.15996499051353857,0.3812936458199063,-0.06439153677291891,-0.07846023709945174,-0.016778442419519392,-0.13766042141893514,-0.045552134746829495,-0.04499708267215969,-0.08709507919098378,-0.022554262714790357,-0.07049750915356601,-0.08691979514679458,,-0.08596858556400559,1.0
