,price_clean,number_of_reviews,availability_365,minimum_nights,reviews_per_month,calculated_host_listings_count,number_of_reviews_ltm
price_clean,1.0,-0.0535805438701112,-0.007973471416793856,-0.048553634377435324,-0.0411578478821678,0.04483866595146751,-0.053328374585688725
number_of_reviews,-0.0535805438701112,1.0,0.06720893055750013,-0.11201963697584086,0.6263623714807918,-0.10151454565416795,0.6369723200451805
availability_365,-0.007973471416793856,0.06720893055750013,1.0,-0.1529688093442248,0.15078107102118785,0.11248054842412981,0.10237621767084906
minimum_nights,-0.048553634377435324,-0.11201963697584086,-0.1529688093442248,1.0,-0.17798587202046887,-0.022349692495040527,-0.1564916450106108
reviews_per_month,-0.0411578478821678,0.6263623714807918,0.15078107102118785,-0.17798587202046887,1.0,-0.09659633593724977,0.8550670818249735
calculated_host_listings_count,0.04483866595146751,-0.10151454565416795,0.11248054842412981,-0.022349692495040527,-0.09659633593724977,1.0,-0.08966047033519492
number_of_reviews_ltm,-0.053328374585688725,0.6369723200451805,0.10237621767084906,-0.1564916450106108,0.8550670818249735,-0.08966047033519492,1.0
